Theta;0.92369;1;1;1;Alpha;0.46202;0.54565;0.57258;0.53989;Beta;0.58898;0.67561;0.70076;0.67044;Gamma;0.51257;0.36686;0.32894
Theta;0.77085;0.84776;0.85155;0.84874;Alpha;0.61279;0.69844;0.72226;0.69326;Beta;0.52632;0.61261;0.63941;0.60889;Gamma;0.53004;0.42828;0.37482
Theta;0.87456;0.95283;0.95444;0.95142;Alpha;0.67126;0.75596;0.78195;0.74915;Beta;0.52455;0.60838;0.63484;0.60463;Gamma;0.51044;0.41967;0.35001
Theta;0.79554;0.87336;0.87688;0.87393;Alpha;0.65525;0.73947;0.76869;0.73416;Beta;0.55927;0.64543;0.66955;0.64008;Gamma;0.49714;0.43208;0.39822
Theta;0.85696;0.93448;0.93615;0.9334;Alpha;0.6757;0.76138;0.79059;0.75628;Beta;0.53814;0.62369;0.65042;0.61967;Gamma;0.51181;0.41589;0.35172
Theta;0.8201;0.89672;0.89779;0.89564;Alpha;0.69331;0.77711;0.80529;0.77202;Beta;0.54405;0.62879;0.65637;0.62688;Gamma;0.51862;0.42343;0.41037
Theta;0.84427;0.92195;0.92379;0.92108;Alpha;0.68797;0.77155;0.80115;0.76668;Beta;0.55444;0.64133;0.66644;0.63627;Gamma;0.51348;0.46933;0.45826
Theta;0.84289;0.91966;0.92161;0.91937;Alpha;0.66997;0.75411;0.78302;0.74914;Beta;0.54501;0.6297;0.65475;0.62566;Gamma;0.50256;0.15564;0.42906
Theta;0.82975;0.90768;0.91029;0.90662;Alpha;0.65955;0.74507;0.77204;0.73945;Beta;0.53517;0.61964;0.64811;0.61627;Gamma;0.47398;0.40094;0.3736
Theta;0.8298;0.90784;0.91126;0.90648;Alpha;0.66158;0.74558;0.77165;0.7385;Beta;0.53642;0.62049;0.64843;0.61665;Gamma;0.47274;0.40023;0.37114
Theta;0.82907;0.90762;0.91134;0.90689;Alpha;0.66266;0.74553;0.77077;0.73909;Beta;0.53633;0.62075;0.64882;0.61609;Gamma;0.47262;0.40051;0.37488
Theta;0.82935;0.90731;0.91093;0.90675;Alpha;0.66308;0.74548;0.77073;0.73838;Beta;0.53665;0.62056;0.64851;0.61564;Gamma;0.47263;0.4005;0.37269
Theta;0.82909;0.9075;0.91103;0.90668;Alpha;0.66361;0.74529;0.77076;0.73846;Beta;0.53661;0.621;0.6482;0.61539;Gamma;0.47263;0.40019;0.37276
Theta;0.82912;0.90754;0.91076;0.90676;Alpha;0.66301;0.74513;0.77067;0.7383;Beta;0.53604;0.62092;0.64846;0.61509;Gamma;0.47223;0.40079;0.37277
Theta;0.82932;0.90742;0.91054;0.90647;Alpha;0.66316;0.74534;0.77086;0.7385;Beta;0.53615;0.62102;0.64752;0.61486;Gamma;0.47214;0.40075;0.37598
Theta;0.829;0.90759;0.91099;0.90652;Alpha;0.66322;0.74565;0.77056;0.73857;Beta;0.53614;0.6213;0.64707;0.61516;Gamma;0.47218;0.40233;0.38217
Theta;0.82878;0.90702;0.91072;0.90652;Alpha;0.66501;0.74675;0.77126;0.73852;Beta;0.53409;0.62078;0.64637;0.61535;Gamma;0.47218;0.40413;0.38166
Theta;0.82866;0.90735;0.91082;0.90661;Alpha;0.66378;0.74647;0.77219;0.73799;Beta;0.53413;0.62019;0.64702;0.61464;Gamma;0.47193;0.40246;0.38068
Theta;0.82932;0.90737;0.90908;0.9064;Alpha;0.66224;0.74481;0.77153;0.73901;Beta;0.53557;0.61916;0.64765;0.61309;Gamma;0.4725;0.40423;0.38209
Theta;0.82981;0.90724;0.90979;0.90668;Alpha;0.66206;0.74596;0.77001;0.73931;Beta;0.53508;0.61879;0.64738;0.6137;Gamma;0.47203;0.40258;0.38145
Theta;0.82996;0.90747;0.90979;0.90681;Alpha;0.66169;0.74629;0.77032;0.73954;Beta;0.53505;0.61863;0.64745;0.61379;Gamma;0.47198;0.4023;0.38247
Theta;0.8301;0.90759;0.90963;0.90669;Alpha;0.66156;0.74676;0.77061;0.73984;Beta;0.53508;0.61828;0.64764;0.61382;Gamma;0.47193;0.40263;0.38261
Theta;0.83413;0.9115;0.91017;0.90603;Alpha;0.66243;0.74571;0.77024;0.74009;Beta;0.54263;0.62496;0.64799;0.61355;Gamma;0.47189;0.40418;0.38155
Theta;0.8256;0.90489;0.9083;0.91352;Alpha;0.67547;0.76305;0.77141;0.74532;Beta;0.55187;0.63578;0.64949;0.61625;Gamma;0.48201;0.4046;0.3856
Theta;1;1;0.95763;0.97104;Alpha;0.88668;0.88134;0.82008;0.78023;Beta;0.68316;0.68025;0.66183;0.65559;Gamma;0.56765;0.49047;0.4617
Theta;1;1;1;1;Alpha;0.81923;0.77763;0.88603;0.86595;Beta;0.59963;0.72329;0.66701;0.80005;Gamma;0.62089;0.62438;0.52029
Theta;1;0.98569;1;1;Alpha;0.81165;0.83231;0.83308;0.86711;Beta;0.60432;0.7641;0.62727;0.79673;Gamma;0.61489;0.65144;0.44969
Theta;1;1;0.99846;1;Alpha;0.86006;0.96049;0.85137;0.98811;Beta;0.63219;0.85899;0.6257;0.94858;Gamma;0.69629;0.69476;0.53393
Theta;1;1;1;1;Alpha;0.86095;1;0.83147;1;Beta;0.67781;0.86291;0.61958;0.97085;Gamma;0.74197;0.71012;0.68975
Theta;0.98776;1;0.98783;0.99459;Alpha;0.87182;0.9834;0.85912;1;Beta;0.73925;0.8791;0.64804;0.96794;Gamma;0.75319;0.72488;0.69664
Theta;0.99401;0.99763;0.97882;0.99615;Alpha;0.89685;0.98576;0.85236;1;Beta;0.75848;0.87848;0.65726;0.96916;Gamma;0.7523;0.72556;0.69898
Theta;1;1;0.99477;0.99601;Alpha;0.89005;1;0.8397;1;Beta;0.7578;0.89148;0.67082;0.99576;Gamma;0.78331;0.75674;0.75032
Theta;0.98713;1;0.98546;0.99253;Alpha;0.86965;1;0.83599;1;Beta;0.75307;0.89386;0.66216;0.99894;Gamma;0.78274;0.76099;0.75027
Theta;1;0.98564;1;1;Alpha;0.86257;1;0.82023;0.99086;Beta;0.83561;0.90305;0.68194;1;Gamma;0.79863;0.7694;0.75074
Theta;0.76547;0.9203;0.81588;0.91363;Alpha;0.83499;1;0.83125;0.98656;Beta;0.77281;0.87029;0.73088;0.96858;Gamma;0.77462;0.69976;0.66638
Theta;0.76213;0.92211;0.82125;0.90421;Alpha;0.79021;0.98214;0.76818;0.97974;Beta;0.73487;0.86616;0.67319;0.96885;Gamma;0.76718;0.70057;0.65925
Theta;0.79332;0.94695;0.85243;0.82668;Alpha;0.77722;0.87007;0.79447;0.8722;Beta;0.74262;0.80194;0.69301;0.86694;Gamma;0.71218;0.6854;0.66013
Theta;0.85713;0.94124;0.89276;0.7929;Alpha;0.82391;0.87386;0.81775;0.78835;Beta;0.69896;0.76611;0.68627;0.79535;Gamma;0.67951;0.65268;0.61609
Theta;0.77188;0.88223;0.83118;0.79264;Alpha;0.74721;0.84246;0.77456;0.77399;Beta;0.58663;0.75038;0.65826;0.79636;Gamma;0.62703;0.6019;0.57166
Theta;0.74472;0.89917;0.83521;0.79347;Alpha;0.68938;0.82307;0.7703;0.77186;Beta;0.56948;0.7557;0.65283;0.79103;Gamma;0.62358;0.5979;0.56066
Theta;0.71267;0.87253;0.83946;0.76336;Alpha;0.70075;0.80186;0.76972;0.67587;Beta;0.56522;0.69706;0.65098;0.61504;Gamma;0.51149;0.44322;0.41358
Theta;0.70104;0.87883;0.83525;0.75551;Alpha;0.69609;0.7903;0.76877;0.68093;Beta;0.55612;0.68642;0.65252;0.61291;Gamma;0.51283;0.43519;0.39297
Theta;0.71546;0.87731;0.8486;0.75944;Alpha;0.68266;0.79106;0.77452;0.67911;Beta;0.55188;0.68398;0.65201;0.61179;Gamma;0.50585;0.43244;0.40984
Theta;0.68987;0.88294;0.8327;0.75716;Alpha;0.67182;0.77846;0.77582;0.67859;Beta;0.54571;0.68658;0.65116;0.61164;Gamma;0.50765;0.43415;0.40851
Theta;0.73253;0.84946;0.85022;0.76372;Alpha;0.73209;0.74978;0.79539;0.68892;Beta;0.60927;0.6348;0.67404;0.61788;Gamma;0.49492;0.43244;0.39904
Theta;0.72468;0.78724;0.85218;0.76452;Alpha;0.72954;0.73583;0.80341;0.68579;Beta;0.57125;0.62968;0.66032;0.61088;Gamma;0.48855;0.44408;0.39757
Theta;0.77292;0.79614;0.8609;0.76095;Alpha;0.74854;0.7407;0.79969;0.68337;Beta;0.62402;0.64068;0.67314;0.6138;Gamma;0.5036;0.42386;0.41174
Theta;0.79856;0.80838;0.88271;0.76425;Alpha;0.72228;0.73652;0.79487;0.68641;Beta;0.63247;0.64493;0.69326;0.61383;Gamma;0.51857;0.43803;0.42823
Theta;0.74765;0.79264;0.86075;0.76741;Alpha;0.69744;0.73185;0.79418;0.68843;Beta;0.6417;0.6519;0.70566;0.62172;Gamma;0.52334;0.44872;0.42925
Theta;0.80374;0.81355;0.91966;0.76158;Alpha;0.7502;0.74297;0.83042;0.68947;Beta;0.59511;0.64226;0.66722;0.61723;Gamma;0.50955;0.4444;0.40252
Theta;0.7321;0.834;0.94575;0.84152;Alpha;0.81957;0.78628;0.87532;0.75891;Beta;0.60832;0.71223;0.71722;0.77967;Gamma;0.62318;0.61861;0.54113
Theta;0.73756;0.82164;0.95144;0.82145;Alpha;0.78462;0.79397;0.85275;0.77861;Beta;0.63528;0.73107;0.7004;0.77413;Gamma;0.62536;0.61487;0.53441
Theta;0.7643;0.82434;0.95367;0.832;Alpha;0.76387;0.78889;0.83567;0.77799;Beta;0.64683;0.72684;0.71138;0.77727;Gamma;0.62238;0.61484;0.53779
Theta;0.74133;0.8248;0.9422;0.82254;Alpha;0.77124;0.78822;0.83084;0.78353;Beta;0.65133;0.7282;0.70689;0.77462;Gamma;0.61736;0.61302;0.53406
Theta;0.73332;0.82769;0.93746;0.81894;Alpha;0.76623;0.78813;0.82458;0.78178;Beta;0.65521;0.73037;0.70496;0.77353;Gamma;0.61479;0.61418;0.52873
Theta;0.72993;0.82584;0.94195;0.82082;Alpha;0.76554;0.78825;0.82534;0.78045;Beta;0.65155;0.72898;0.70689;0.77233;Gamma;0.61732;0.61025;0.52831
Theta;0.76157;0.82704;0.93428;0.82022;Alpha;0.77767;0.79082;0.8316;0.78115;Beta;0.64523;0.72607;0.70044;0.77344;Gamma;0.61823;0.61379;0.53227
Theta;0.76443;0.83473;0.96353;0.82781;Alpha;0.74432;0.82854;0.84207;0.82908;Beta;0.67521;0.74224;0.71839;0.82135;Gamma;0.66424;0.68806;0.58753
Theta;0.79754;0.83554;0.8878;0.83935;Alpha;0.66291;0.82829;0.78247;0.8331;Beta;0.76476;0.74644;0.73792;0.82027;Gamma;0.67166;0.6914;0.58122
Theta;0.75421;0.79884;0.84755;0.7817;Alpha;0.71549;0.83081;0.78687;0.79827;Beta;0.71323;0.73329;0.73585;0.76782;Gamma;0.60138;0.55491;0.47295
Theta;0.73213;0.79338;0.84751;0.77652;Alpha;0.74755;0.81292;0.77314;0.79916;Beta;0.66318;0.72355;0.72206;0.76755;Gamma;0.58647;0.55457;0.45916
Theta;0.74603;0.81081;0.87641;0.76736;Alpha;0.71253;0.80391;0.74931;0.81269;Beta;0.65169;0.72585;0.70987;0.76736;Gamma;0.58792;0.55023;0.46358
Theta;0.73186;0.79125;0.85735;0.81039;Alpha;0.74968;0.79631;0.7333;0.81113;Beta;0.66099;0.71827;0.68503;0.78475;Gamma;0.603;0.56293;0.47099
Theta;0.74497;0.78832;0.89652;0.85584;Alpha;0.87471;0.79666;0.70956;0.82011;Beta;0.73776;0.7311;0.68798;0.80211;Gamma;0.61714;0.56575;0.49539
Theta;0.83279;0.79085;0.87199;0.84539;Alpha;0.8662;0.79528;0.73;0.81898;Beta;0.7882;0.73331;0.71192;0.80684;Gamma;0.62678;0.58642;0.49093
Theta;0.84115;0.79656;0.88206;0.83814;Alpha;0.85189;0.77635;0.75493;0.81603;Beta;0.7863;0.73448;0.70513;0.80525;Gamma;0.62687;0.59353;0.49555
Theta;0.8406;0.78653;0.85679;0.83008;Alpha;0.85418;0.75316;0.77579;0.73952;Beta;0.78823;0.68924;0.71093;0.73073;Gamma;0.55869;0.49588;0.43446
Theta;0.85026;0.78737;0.89681;0.83729;Alpha;0.84467;0.74896;0.76214;0.73962;Beta;0.78952;0.68796;0.71395;0.73024;Gamma;0.56422;0.50099;0.44597
Theta;0.8305;0.78588;0.84864;0.8331;Alpha;0.84054;0.72025;0.75154;0.73761;Beta;0.77216;0.67511;0.6701;0.72437;Gamma;0.55687;0.50352;0.43547
Theta;0.83567;0.7787;0.83607;0.82883;Alpha;0.86134;0.72309;0.7757;0.74254;Beta;0.77294;0.66427;0.6505;0.72048;Gamma;0.55106;0.50048;0.46189
Theta;0.84449;0.77783;0.82338;0.84167;Alpha;0.83421;0.72603;0.77545;0.72783;Beta;0.77178;0.65999;0.64434;0.73648;Gamma;0.5498;0.49645;0.44331
Theta;0.84974;0.79065;0.86488;0.80374;Alpha;0.81931;0.73499;0.79172;0.71673;Beta;0.75997;0.66695;0.68176;0.68908;Gamma;0.52151;0.4777;0.42975
Theta;0.83882;0.80591;0.86463;0.76688;Alpha;0.81935;0.75957;0.81629;0.69767;Beta;0.70203;0.6498;0.68182;0.62726;Gamma;0.52623;0.49817;0.41959
Theta;0.79118;0.79679;0.86023;0.76311;Alpha;0.84986;0.75755;0.81852;0.68863;Beta;0.75672;0.65176;0.66975;0.60821;Gamma;0.57367;0.52155;0.47918
Theta;0.80024;0.79706;0.86162;0.76226;Alpha;0.86269;0.74832;0.83055;0.69219;Beta;0.75157;0.64902;0.66591;0.60849;Gamma;0.56613;0.52266;0.46715
Theta;0.80425;0.79831;0.86209;0.76309;Alpha;0.86356;0.7465;0.84607;0.68837;Beta;0.75471;0.65416;0.69544;0.60867;Gamma;0.57549;0.52987;0.47314
Theta;0.81352;0.8001;0.85306;0.76064;Alpha;0.86853;0.74974;0.85007;0.68809;Beta;0.76282;0.65769;0.68889;0.60753;Gamma;0.57473;0.53032;0.47908
Theta;0.82654;0.81119;0.86091;0.76258;Alpha;0.90697;0.76481;0.8616;0.68831;Beta;0.80693;0.67623;0.70027;0.6104;Gamma;0.59259;0.54632;0.48058
Theta;0.87587;0.84444;0.90441;0.78058;Alpha;0.96137;0.8474;0.94278;0.73371;Beta;0.95012;0.7083;0.81758;0.65138;Gamma;0.67183;0.57294;0.50782
Theta;0.84964;0.84779;0.91224;0.7871;Alpha;0.96592;0.82667;0.92612;0.72126;Beta;0.95615;0.72354;0.82947;0.65962;Gamma;0.67256;0.57276;0.5062
Theta;0.85279;0.84264;0.90094;0.78645;Alpha;0.95969;0.82617;0.91137;0.72073;Beta;0.95218;0.71266;0.82224;0.66299;Gamma;0.67124;0.56876;0.50972
Theta;0.85562;0.83989;0.89597;0.78569;Alpha;0.95123;0.82291;0.90753;0.71759;Beta;0.95571;0.7128;0.82527;0.66403;Gamma;0.66955;0.55611;0.49544
Theta;0.83434;0.84049;0.90283;0.78317;Alpha;0.90713;0.8211;0.90215;0.71492;Beta;0.92963;0.71444;0.83102;0.66511;Gamma;0.64302;0.51259;0.46117
Theta;0.82552;0.84125;0.89922;0.78262;Alpha;0.90438;0.8199;0.89729;0.71526;Beta;0.9268;0.71166;0.82602;0.66548;Gamma;0.64036;0.51027;0.45893
Theta;0.82267;0.84301;0.90991;0.78232;Alpha;0.89609;0.81629;0.86839;0.71373;Beta;0.92544;0.71105;0.82756;0.66613;Gamma;0.63452;0.49405;0.45388
Theta;0.81572;0.84463;0.91294;0.78375;Alpha;0.90765;0.81576;0.8794;0.71409;Beta;0.92224;0.7115;0.82776;0.66494;Gamma;0.63272;0.49098;0.45642
Theta;0.81046;0.85105;0.92266;0.7855;Alpha;0.83207;0.82612;0.88985;0.71813;Beta;0.92346;0.70681;0.79994;0.66201;Gamma;0.61387;0.50927;0.4522
Theta;0.73684;0.79494;0.89823;0.77818;Alpha;0.79824;0.75876;0.80586;0.67693;Beta;0.61084;0.63934;0.67007;0.62179;Gamma;0.49471;0.48181;0.42227
Theta;0.75475;0.79413;0.89065;0.76535;Alpha;0.74238;0.75383;0.75815;0.67747;Beta;0.58056;0.63549;0.66602;0.61766;Gamma;0.48802;0.44361;0.4018
Theta;0.74565;0.7892;0.89531;0.77557;Alpha;0.76897;0.75007;0.79484;0.68451;Beta;0.60569;0.63183;0.6941;0.61795;Gamma;0.49802;0.45072;0.40624
Theta;0.78525;0.79468;0.92351;0.78116;Alpha;0.79294;0.75058;0.81724;0.68809;Beta;0.63193;0.62228;0.69912;0.61761;Gamma;0.5098;0.46965;0.42303
Theta;0.77736;0.80188;0.91756;0.77796;Alpha;0.79821;0.76328;0.82316;0.68984;Beta;0.64306;0.62306;0.70552;0.61986;Gamma;0.51652;0.47539;0.43154
Theta;0.87105;0.79789;0.92447;0.77618;Alpha;0.91439;0.75424;0.85547;0.69519;Beta;0.74981;0.6323;0.71116;0.62179;Gamma;0.58538;0.57165;0.52683
Theta;0.94936;0.87649;0.98693;0.79983;Alpha;0.95758;0.88412;0.89441;0.70197;Beta;0.89118;0.84931;0.9019;0.6315;Gamma;0.79896;0.81574;0.66498
Theta;0.97391;0.89332;0.96744;0.78752;Alpha;0.99209;0.88728;0.90298;0.71124;Beta;0.89973;0.87286;0.91688;0.64493;Gamma;0.86261;0.82223;0.65277
Theta;0.96417;0.89023;1;0.79724;Alpha;0.97417;0.87728;0.88741;0.70546;Beta;0.93272;0.88446;0.91146;0.63853;Gamma;0.86837;0.82661;0.65071
Theta;0.97684;0.89464;0.94801;0.80171;Alpha;0.94047;0.87312;0.88135;0.71662;Beta;0.92498;0.88646;0.91896;0.63475;Gamma;0.86812;0.82137;0.65273
Theta;0.9695;0.88828;0.95964;0.7827;Alpha;0.94367;0.86595;0.87191;0.71179;Beta;0.92617;0.88017;0.91098;0.62858;Gamma;0.86647;0.82016;0.65113
Theta;0.96928;0.88639;0.9528;0.79276;Alpha;0.94064;0.86655;0.86799;0.7022;Beta;0.92428;0.87999;0.90525;0.63339;Gamma;0.86589;0.81952;0.65153
Theta;0.96506;0.88496;0.93962;0.79835;Alpha;0.93615;0.86794;0.8577;0.70152;Beta;0.92156;0.88048;0.90503;0.63896;Gamma;0.86259;0.81832;0.64901
Theta;0.98418;0.90077;0.92093;0.80355;Alpha;0.92825;0.87305;0.86727;0.70678;Beta;0.92633;0.87947;0.90385;0.63981;Gamma;0.86042;0.81617;0.65215
Theta;0.86956;0.86099;0.98299;0.84097;Alpha;0.9074;0.85941;0.87381;0.70398;Beta;0.93416;0.87665;0.93602;0.66111;Gamma;0.85654;0.80283;0.67945
Theta;0.94861;0.79321;0.85812;0.78956;Alpha;0.95655;0.76215;0.93216;0.77198;Beta;0.98395;0.70601;0.8786;0.71871;Gamma;0.81693;0.64932;0.60376
Theta;1;0.92125;1;0.91193;Alpha;1;0.90438;0.87808;0.85371;Beta;1;0.77357;0.81381;0.8646;Gamma;0.72749;0.6379;0.61048
Theta;0.99393;0.88798;0.94701;0.90942;Alpha;0.97411;0.92283;0.96409;0.81773;Beta;1;0.78891;0.86048;0.87511;Gamma;0.74001;0.66392;0.62298
Theta;1;0.89632;0.95718;0.90342;Alpha;0.96936;0.93558;0.99662;0.81929;Beta;0.99902;0.7806;0.84629;0.87941;Gamma;0.72996;0.66622;0.63821
Theta;1;0.90907;1;0.91506;Alpha;0.96532;0.9406;0.97254;0.8176;Beta;1;0.78887;0.90107;0.87556;Gamma;0.74689;0.69158;0.62646
Theta;1;0.92526;1;0.93366;Alpha;0.97133;0.96082;1;0.91181;Beta;1;0.83527;1;0.95015;Gamma;0.817;0.79911;0.68728
Theta;0.99838;0.92308;1;0.97162;Alpha;0.97847;0.96664;1;1;Beta;1;0.84041;1;1;Gamma;0.8404;0.84239;0.72684
Theta;0.99603;0.92167;0.99997;0.98167;Alpha;0.9777;0.97215;1;1;Beta;0.99973;0.84308;1;0.97298;Gamma;0.8428;0.8446;0.71656
Theta;1;0.91045;0.99293;0.96284;Alpha;0.96512;0.97898;1;1;Beta;1;0.85141;0.99902;0.9735;Gamma;0.84529;0.84396;0.71841
Theta;0.94132;0.94282;1;0.99047;Alpha;0.81069;0.97337;1;1;Beta;0.89999;0.84969;1;0.95156;Gamma;0.88941;0.85617;0.75249
Theta;0.92808;0.85965;0.96698;0.96012;Alpha;0.83549;0.91372;0.98321;0.97577;Beta;0.82988;0.81244;0.95289;0.92822;Gamma;0.83436;0.84134;0.69893
Theta;0.89542;0.87762;0.95463;0.95549;Alpha;0.9191;0.91857;1;0.97701;Beta;0.818;0.82305;0.9328;0.93107;Gamma;0.82477;0.85629;0.69864
Theta;0.88723;0.90212;0.9361;0.98101;Alpha;0.88834;0.93411;0.99725;0.98151;Beta;0.84508;0.82774;0.95178;0.93917;Gamma;0.82904;0.85686;0.66836
Theta;0.89186;0.88956;0.86694;0.97953;Alpha;0.89376;0.92528;1;0.98427;Beta;0.82682;0.81863;1;0.93377;Gamma;0.83548;0.85725;0.69107
Theta;0.90572;0.88204;0.75933;0.95778;Alpha;0.8974;0.89168;0.84412;0.96812;Beta;0.8291;0.78809;0.81432;0.87883;Gamma;0.82133;0.73099;0.59428
Theta;0.89702;0.8784;0.72776;0.88642;Alpha;0.89577;0.87952;0.84172;0.79859;Beta;0.83983;0.77144;0.75997;0.80461;Gamma;0.79242;0.677;0.52169
Theta;0.91145;0.88414;0.71273;0.88311;Alpha;0.90123;0.85872;0.81819;0.74538;Beta;0.8336;0.77736;0.74668;0.77435;Gamma;0.7793;0.65951;0.49742
Theta;0.92354;0.88819;0.71736;0.89073;Alpha;0.89562;0.84684;0.8024;0.74785;Beta;0.83408;0.76893;0.73417;0.77082;Gamma;0.77398;0.65183;0.4915
Theta;0.85335;0.87043;0.71755;0.87674;Alpha;0.86443;0.85014;0.78852;0.73379;Beta;0.8348;0.73401;0.72158;0.70349;Gamma;0.7586;0.62353;0.45711
Theta;0.85288;0.86123;0.71338;0.85736;Alpha;0.83663;0.82248;0.77226;0.73074;Beta;0.79499;0.73708;0.6989;0.69867;Gamma;0.73422;0.56609;0.47321
Theta;0.8089;0.83003;0.72293;0.82181;Alpha;0.75409;0.78236;0.71221;0.74832;Beta;0.71792;0.7261;0.64358;0.6678;Gamma;0.71164;0.52561;0.41871
Theta;0.77805;0.78109;0.64652;0.79147;Alpha;0.75685;0.75721;0.73414;0.66467;Beta;0.70322;0.6957;0.65959;0.60509;Gamma;0.69864;0.4946;0.3702
Theta;0.73434;0.7672;0.64214;0.78048;Alpha;0.71929;0.77531;0.60119;0.66663;Beta;0.71081;0.67023;0.59084;0.60312;Gamma;0.51851;0.43542;0.38258
Theta;0.71298;0.79461;0.67334;0.76835;Alpha;0.59958;0.74751;0.67206;0.65328;Beta;0.62829;0.64879;0.62576;0.60285;Gamma;0.5739;0.47594;0.45921
Theta;0.87198;0.83758;0.73734;0.76846;Alpha;0.69804;0.8091;0.71557;0.66652;Beta;0.67867;0.7225;0.70046;0.62181;Gamma;0.63892;0.50262;0.53417
Theta;0.81129;0.82286;0.6914;0.77248;Alpha;0.72466;0.80397;0.73119;0.67049;Beta;0.68976;0.71541;0.66287;0.62211;Gamma;0.60995;0.53177;0.53321
Theta;0.81382;0.82559;0.69566;0.75679;Alpha;0.7285;0.80475;0.72682;0.67434;Beta;0.67942;0.71896;0.66567;0.61663;Gamma;0.6078;0.53649;0.51913
Theta;0.81878;0.82814;0.70044;0.76299;Alpha;0.72859;0.80622;0.7322;0.6746;Beta;0.68016;0.71936;0.66428;0.61793;Gamma;0.60723;0.53656;0.51716
Theta;0.81641;0.82594;0.6939;0.75744;Alpha;0.72852;0.80953;0.73494;0.67399;Beta;0.67976;0.71959;0.66636;0.61818;Gamma;0.6089;0.53653;0.51932
Theta;0.8294;0.83006;0.70946;0.76381;Alpha;0.7336;0.80418;0.73447;0.6744;Beta;0.68226;0.71847;0.66572;0.61764;Gamma;0.61524;0.54035;0.52941
Theta;0.82827;0.83011;0.6965;0.76633;Alpha;0.72779;0.81252;0.72269;0.674;Beta;0.68571;0.72252;0.67789;0.62255;Gamma;0.61041;0.53703;0.51425
Theta;0.86171;0.8334;0.68757;0.80152;Alpha;0.73037;0.81567;0.79612;0.65853;Beta;0.70023;0.7433;0.7756;0.62858;Gamma;0.66056;0.6619;0.45424
Theta;0.84201;0.8181;0.67605;0.79542;Alpha;0.72128;0.81872;0.75116;0.66385;Beta;0.66331;0.73819;0.77746;0.61669;Gamma;0.69223;0.6001;0.41541
Theta;0.71052;0.81511;0.6616;0.8067;Alpha;0.68733;0.77941;0.71269;0.63771;Beta;0.60887;0.69904;0.76601;0.59714;Gamma;0.68244;0.56487;0.44697
Theta;0.65981;0.80315;0.63882;0.79659;Alpha;0.55527;0.76896;0.68698;0.63604;Beta;0.52807;0.68111;0.75315;0.59817;Gamma;0.67004;0.54942;0.39815
Theta;0.65845;0.79685;0.63622;0.8046;Alpha;0.54076;0.76197;0.68759;0.63167;Beta;0.525;0.67865;0.7538;0.59388;Gamma;0.66725;0.54432;0.38768
Theta;0.65039;0.79239;0.63587;0.79591;Alpha;0.536;0.76497;0.69306;0.63608;Beta;0.5281;0.67507;0.75087;0.59096;Gamma;0.66867;0.54514;0.38577
Theta;0.65396;0.79707;0.64567;0.79928;Alpha;0.55002;0.76255;0.69895;0.63969;Beta;0.52925;0.67579;0.75414;0.59413;Gamma;0.67093;0.54904;0.39346
Theta;0.68332;0.8005;0.63194;0.80515;Alpha;0.62902;0.76208;0.70487;0.6379;Beta;0.57456;0.67527;0.74583;0.58971;Gamma;0.66918;0.55502;0.41657
Theta;0.69218;0.79556;0.65776;0.86735;Alpha;0.72298;0.78875;0.81772;0.73838;Beta;0.78935;0.72393;0.84039;0.65645;Gamma;0.75292;0.6727;0.64043
Theta;0.85549;0.82811;0.71966;0.85103;Alpha;0.92862;0.89005;0.81193;0.77446;Beta;0.90652;0.80474;0.71924;0.69255;Gamma;0.79382;0.66413;0.6834
Theta;0.83268;0.81627;0.72233;0.84437;Alpha;0.96079;0.90601;0.82863;0.77987;Beta;0.90511;0.8075;0.69015;0.6705;Gamma;0.76484;0.65974;0.68129
Theta;0.84693;0.81598;0.73444;0.83205;Alpha;0.96099;0.90651;0.8312;0.77852;Beta;0.90516;0.81056;0.69636;0.66519;Gamma;0.76426;0.66063;0.68419
Theta;0.83488;0.8116;0.72726;0.83705;Alpha;0.96025;0.90805;0.83189;0.78023;Beta;0.90601;0.8105;0.69743;0.6673;Gamma;0.76357;0.66183;0.68275
Theta;0.83516;0.81267;0.72677;0.83187;Alpha;0.95962;0.90859;0.83193;0.78039;Beta;0.90559;0.80971;0.69601;0.66413;Gamma;0.76321;0.66164;0.68336
Theta;0.83783;0.81408;0.72931;0.83529;Alpha;0.95954;0.90964;0.8318;0.77817;Beta;0.90582;0.80953;0.69945;0.66309;Gamma;0.76326;0.66196;0.68296
Theta;0.83764;0.81091;0.74641;0.84131;Alpha;0.9634;0.91016;0.83798;0.77148;Beta;0.91564;0.81088;0.6947;0.67646;Gamma;0.76858;0.6692;0.68821
Theta;0.84117;0.8459;0.70993;0.81762;Alpha;0.97066;0.89032;0.82086;0.79732;Beta;0.89315;0.83612;0.72113;0.65986;Gamma;0.78312;0.65292;0.71238
Theta;0.90721;0.84668;0.68514;0.80157;Alpha;0.93424;0.87832;0.71985;0.67302;Beta;0.8314;0.83735;0.82132;0.57403;Gamma;0.74392;0.64534;0.6
Theta;0.84139;0.90427;0.72914;0.75429;Alpha;0.71788;0.80834;0.68185;0.69143;Beta;0.66418;0.68233;0.70887;0.55199;Gamma;0.60866;0.54168;0.47553
Theta;0.68545;0.86186;0.68298;0.77123;Alpha;0.71067;0.78232;0.68516;0.6686;Beta;0.62029;0.66969;0.6435;0.59745;Gamma;0.547;0.473;0.39326
Theta;0.66765;0.86507;0.68193;0.80412;Alpha;0.69888;0.76981;0.68033;0.69564;Beta;0.61649;0.66275;0.64239;0.63032;Gamma;0.54791;0.47322;0.41322
Theta;0.67584;0.86289;0.67971;0.8014;Alpha;0.69611;0.77038;0.67584;0.69709;Beta;0.60864;0.66202;0.64099;0.63074;Gamma;0.54733;0.47044;0.41477
Theta;0.69251;0.86628;0.69394;0.80542;Alpha;0.70033;0.77372;0.67634;0.69917;Beta;0.62275;0.66651;0.65396;0.63384;Gamma;0.55007;0.47126;0.41733
Theta;0.67294;0.85595;0.67589;0.79862;Alpha;0.72656;0.77515;0.68575;0.70531;Beta;0.61116;0.66187;0.64057;0.63048;Gamma;0.55999;0.48464;0.43133
Theta;0.73578;0.87659;0.69055;0.80387;Alpha;0.81332;0.76828;0.69055;0.69719;Beta;0.75201;0.68004;0.64271;0.65544;Gamma;0.67515;0.61261;0.55145
Theta;0.88289;0.86115;0.80762;0.84197;Alpha;0.9715;0.89347;0.77087;0.80682;Beta;0.91129;0.85905;0.89238;0.893;Gamma;0.84633;0.81204;0.69621
Theta;0.84141;0.87343;0.72203;0.82691;Alpha;0.91999;0.94911;0.81263;0.88176;Beta;0.94364;0.84192;0.83719;0.88952;Gamma;0.85898;0.80253;0.71785
Theta;0.85243;0.8626;0.73544;0.84017;Alpha;0.92281;0.93776;0.82719;0.88293;Beta;0.94036;0.85402;0.83631;0.89583;Gamma;0.86058;0.80056;0.72011
Theta;0.85695;0.87083;0.74907;0.81402;Alpha;0.9254;0.95419;0.83861;0.88306;Beta;0.93942;0.85604;0.84188;0.89183;Gamma;0.86263;0.80497;0.7241
Theta;0.87138;0.89128;0.77464;0.78762;Alpha;0.92935;0.9557;0.85164;0.88566;Beta;0.94259;0.93172;0.85936;0.99755;Gamma;0.90299;0.84432;0.73116
Theta;0.86578;0.89148;0.76894;0.78497;Alpha;0.93076;0.95723;0.85738;0.88696;Beta;0.9435;0.93381;0.85952;0.99959;Gamma;0.90301;0.84371;0.73131
Theta;0.86826;0.88476;0.76926;0.78313;Alpha;0.93077;0.95971;0.85833;0.88704;Beta;0.94087;0.93307;0.86041;0.99961;Gamma;0.90312;0.84484;0.73239
Theta;0.87089;0.89549;0.76711;0.78434;Alpha;0.9261;0.96318;0.86268;0.88716;Beta;0.94699;0.93264;0.86223;1;Gamma;0.90304;0.84721;0.72957
Theta;0.88287;0.88093;0.75289;0.769;Alpha;0.91363;0.95234;0.84492;0.87598;Beta;0.89994;0.94143;0.85085;1;Gamma;0.88662;0.85633;0.69611
Theta;0.84219;0.85385;0.78174;0.8157;Alpha;0.7596;0.85898;0.74979;0.75423;Beta;0.63424;0.88645;0.70526;0.9433;Gamma;0.763;0.72587;0.52906
Theta;0.74982;0.81991;0.73652;0.75536;Alpha;0.66798;0.77977;0.71992;0.65834;Beta;0.60142;0.85818;0.6967;0.93052;Gamma;0.73718;0.67697;0.52697
Theta;0.79225;0.84062;0.7558;0.74895;Alpha;0.63886;0.77583;0.71598;0.65978;Beta;0.60911;0.85902;0.70661;0.93022;Gamma;0.73921;0.68486;0.52589
Theta;0.69401;0.80347;0.70951;0.75096;Alpha;0.61702;0.76201;0.7054;0.65504;Beta;0.57007;0.85526;0.67666;0.93056;Gamma;0.72799;0.67639;0.51778
Theta;0.63519;0.78468;0.66151;0.7691;Alpha;0.53341;0.7301;0.65799;0.6519;Beta;0.46599;0.62425;0.61087;0.59696;Gamma;0.47377;0.41181;0.386
Theta;0.63322;0.78417;0.67029;0.77283;Alpha;0.52685;0.72455;0.64881;0.64396;Beta;0.46047;0.62433;0.60808;0.59778;Gamma;0.4738;0.40725;0.38615
Theta;0.63662;0.78596;0.66776;0.77131;Alpha;0.52691;0.7244;0.65147;0.64356;Beta;0.46367;0.62422;0.60721;0.59689;Gamma;0.47423;0.40657;0.38753
Theta;0.63385;0.78578;0.67264;0.77267;Alpha;0.52376;0.72413;0.64777;0.64255;Beta;0.46531;0.62422;0.60827;0.59707;Gamma;0.47477;0.40662;0.38712
Theta;0.63877;0.78699;0.66928;0.77171;Alpha;0.52545;0.72414;0.64718;0.64201;Beta;0.46443;0.62364;0.61117;0.59741;Gamma;0.47518;0.40661;0.3873
Theta;0.63206;0.78527;0.6733;0.77182;Alpha;0.52645;0.72398;0.64554;0.64211;Beta;0.46519;0.62368;0.60899;0.59703;Gamma;0.47437;0.40618;0.38942
Theta;0.64208;0.78733;0.67474;0.77111;Alpha;0.52992;0.72459;0.64946;0.6415;Beta;0.46802;0.62419;0.61046;0.59673;Gamma;0.47528;0.40866;0.39538
Theta;0.62259;0.7853;0.66451;0.77412;Alpha;0.53336;0.72256;0.65413;0.63951;Beta;0.45162;0.62255;0.60281;0.59758;Gamma;0.47066;0.39525;0.39066
Theta;0.62742;0.78341;0.66943;0.76896;Alpha;0.5269;0.72124;0.64714;0.64139;Beta;0.45794;0.61828;0.60648;0.59432;Gamma;0.47698;0.40218;0.37937
Theta;0.63964;0.78657;0.67643;0.77048;Alpha;0.52574;0.72343;0.64569;0.64175;Beta;0.4663;0.62282;0.61067;0.59391;Gamma;0.47549;0.40381;0.38159
Theta;0.63877;0.78564;0.67626;0.77096;Alpha;0.52706;0.72387;0.64755;0.64282;Beta;0.46876;0.62327;0.61211;0.59487;Gamma;0.47457;0.4022;0.38094
Theta;0.64042;0.78579;0.67598;0.77075;Alpha;0.52877;0.72441;0.64872;0.64338;Beta;0.46817;0.62377;0.61194;0.5951;Gamma;0.47608;0.40231;0.37954
Theta;0.64263;0.78569;0.6793;0.77101;Alpha;0.52777;0.72413;0.64706;0.64309;Beta;0.46793;0.62395;0.6116;0.59524;Gamma;0.47567;0.40209;0.37969
Theta;0.64647;0.78585;0.68027;0.771;Alpha;0.52887;0.72435;0.64703;0.64281;Beta;0.46637;0.62409;0.61049;0.5949;Gamma;0.47481;0.40197;0.37951
Theta;0.64608;0.78558;0.68123;0.77222;Alpha;0.52814;0.72487;0.64597;0.64228;Beta;0.46763;0.62388;0.6115;0.59512;Gamma;0.47537;0.40125;0.38262
Theta;0.64657;0.78552;0.67997;0.77176;Alpha;0.5269;0.7249;0.64365;0.64138;Beta;0.46694;0.6239;0.61016;0.59448;Gamma;0.47512;0.4025;0.38352
Theta;0.64196;0.78404;0.6776;0.771;Alpha;0.52903;0.72663;0.64599;0.6403;Beta;0.46552;0.62357;0.60949;0.59439;Gamma;0.4755;0.3999;0.386
Theta;0.63716;0.78344;0.67375;0.76929;Alpha;0.51953;0.72451;0.64058;0.63822;Beta;0.45913;0.62209;0.60625;0.59065;Gamma;0.46987;0.39782;0.38223
Theta;0.62528;0.78119;0.66602;0.76438;Alpha;0.51352;0.72315;0.63652;0.63441;Beta;0.45648;0.62035;0.60546;0.58889;Gamma;0.47086;0.39767;0.37983
Theta;0.62089;0.78135;0.66473;0.76373;Alpha;0.51449;0.72282;0.63776;0.63433;Beta;0.45565;0.62029;0.60576;0.58845;Gamma;0.47173;0.39781;0.37612
Theta;0.62209;0.78162;0.66381;0.76333;Alpha;0.51312;0.72228;0.63576;0.63417;Beta;0.45803;0.61981;0.60611;0.58865;Gamma;0.47198;0.3984;0.37208
Theta;0.61771;0.78124;0.66159;0.76415;Alpha;0.51424;0.72235;0.63706;0.63383;Beta;0.45642;0.61915;0.60474;0.58843;Gamma;0.47143;0.39805;0.37196
Theta;0.6166;0.78126;0.66013;0.76396;Alpha;0.5139;0.72203;0.63676;0.63376;Beta;0.45688;0.6189;0.60575;0.58825;Gamma;0.47188;0.39766;0.37119
Theta;0.61453;0.78122;0.65929;0.76423;Alpha;0.51556;0.72237;0.63838;0.6336;Beta;0.45658;0.61877;0.6048;0.58825;Gamma;0.47181;0.39856;0.36849
Theta;0.6169;0.78197;0.66037;0.76469;Alpha;0.51441;0.72319;0.63757;0.63449;Beta;0.45753;0.61936;0.60513;0.58879;Gamma;0.4714;0.39847;0.36761
Theta;0.62156;0.78242;0.66457;0.76516;Alpha;0.51269;0.72386;0.63481;0.63489;Beta;0.45791;0.61875;0.60686;0.58837;Gamma;0.47007;0.39629;0.36869
Theta;0.63037;0.78251;0.66865;0.76544;Alpha;0.51817;0.72427;0.63863;0.63322;Beta;0.46052;0.62011;0.60748;0.59062;Gamma;0.46933;0.39802;0.36862
Theta;0.63177;0.78201;0.66783;0.76573;Alpha;0.52666;0.7243;0.64721;0.63532;Beta;0.45477;0.62006;0.604;0.588;Gamma;0.47164;0.40503;0.3711
Theta;0.63134;0.78198;0.66923;0.76613;Alpha;0.52463;0.72296;0.64406;0.63485;Beta;0.45611;0.62023;0.60544;0.58886;Gamma;0.47183;0.40274;0.36925
Theta;0.6322;0.78213;0.66956;0.76617;Alpha;0.52562;0.72317;0.64476;0.63475;Beta;0.45533;0.62034;0.60525;0.5885;Gamma;0.47115;0.40285;0.37225
Theta;0.63259;0.78201;0.67056;0.76587;Alpha;0.52659;0.72307;0.64468;0.63489;Beta;0.45476;0.62097;0.6049;0.58894;Gamma;0.47166;0.40313;0.37181
Theta;0.63337;0.78221;0.6707;0.76554;Alpha;0.52686;0.72322;0.64469;0.63524;Beta;0.45522;0.62108;0.60497;0.58945;Gamma;0.47211;0.40349;0.37144
Theta;0.63288;0.78216;0.67071;0.76561;Alpha;0.52732;0.72295;0.64485;0.63544;Beta;0.45603;0.62101;0.60537;0.58904;Gamma;0.47256;0.40342;0.37197
Theta;0.63102;0.7818;0.66913;0.76506;Alpha;0.52769;0.72254;0.64495;0.63538;Beta;0.45639;0.62081;0.60577;0.58914;Gamma;0.47345;0.40298;0.37096
Theta;0.6289;0.78172;0.66806;0.76556;Alpha;0.52813;0.72162;0.64529;0.63523;Beta;0.45745;0.62087;0.6059;0.58987;Gamma;0.47392;0.40465;0.3695
Theta;0.62863;0.78216;0.66739;0.76679;Alpha;0.52458;0.72134;0.64248;0.63756;Beta;0.45868;0.61891;0.60937;0.58626;Gamma;0.476;0.40765;0.36807
Theta;0.62819;0.78296;0.66471;0.76771;Alpha;0.51369;0.72245;0.62936;0.63652;Beta;0.45352;0.62067;0.59913;0.58912;Gamma;0.47174;0.40277;0.36719
Theta;0.62659;0.78211;0.66414;0.76869;Alpha;0.5138;0.72475;0.62947;0.63611;Beta;0.4528;0.61926;0.59889;0.58856;Gamma;0.4731;0.40238;0.37082
Theta;0.62667;0.78242;0.66367;0.76883;Alpha;0.51417;0.72461;0.6301;0.63599;Beta;0.4532;0.61905;0.59959;0.58842;Gamma;0.47323;0.40254;0.37134
Theta;0.62609;0.78208;0.66348;0.76871;Alpha;0.5143;0.72497;0.63051;0.63605;Beta;0.4529;0.6185;0.59962;0.58774;Gamma;0.47402;0.40274;0.37112
Theta;0.62568;0.78225;0.66272;0.76863;Alpha;0.51364;0.72498;0.6295;0.63573;Beta;0.45276;0.61815;0.59975;0.58769;Gamma;0.47294;0.40235;0.37228
Theta;0.62555;0.782;0.66299;0.76854;Alpha;0.51295;0.72513;0.62915;0.63594;Beta;0.45254;0.61871;0.59962;0.58746;Gamma;0.47211;0.40204;0.37184
Theta;0.6261;0.78162;0.66305;0.76845;Alpha;0.51408;0.72521;0.63042;0.63596;Beta;0.45127;0.61918;0.59887;0.58768;Gamma;0.47059;0.40223;0.37306
Theta;0.62717;0.78187;0.66321;0.76822;Alpha;0.51454;0.72595;0.63122;0.63569;Beta;0.44973;0.61896;0.59749;0.58699;Gamma;0.47085;0.40252;0.3728
Theta;0.62443;0.782;0.6612;0.76636;Alpha;0.52159;0.72563;0.63893;0.63638;Beta;0.44828;0.62012;0.5945;0.58975;Gamma;0.47025;0.40133;0.37438
Theta;0.62798;0.78213;0.6629;0.763;Alpha;0.53091;0.72595;0.64546;0.63239;Beta;0.45862;0.62003;0.60251;0.58662;Gamma;0.47282;0.3983;0.36979
Theta;0.63059;0.78304;0.66609;0.76244;Alpha;0.53109;0.72432;0.64579;0.63337;Beta;0.45641;0.62081;0.60006;0.58644;Gamma;0.47205;0.39841;0.3705
Theta;0.63058;0.78298;0.6654;0.7622;Alpha;0.53112;0.72473;0.6464;0.63338;Beta;0.45727;0.62122;0.60008;0.58681;Gamma;0.4723;0.39867;0.3706
Theta;0.6312;0.78285;0.66645;0.76231;Alpha;0.53031;0.72498;0.64566;0.63352;Beta;0.45724;0.62133;0.60046;0.58737;Gamma;0.4721;0.39897;0.37366
Theta;0.63213;0.78302;0.66695;0.76221;Alpha;0.53069;0.72506;0.64642;0.63352;Beta;0.45714;0.62166;0.6007;0.58697;Gamma;0.47207;0.39872;0.37266
Theta;0.63235;0.78322;0.66722;0.76236;Alpha;0.53031;0.72458;0.64682;0.63356;Beta;0.45703;0.62135;0.60056;0.58712;Gamma;0.47245;0.39928;0.37063
Theta;0.63187;0.78366;0.6671;0.76268;Alpha;0.52999;0.72453;0.64626;0.63374;Beta;0.45802;0.62108;0.60137;0.58751;Gamma;0.47201;0.3994;0.36734
Theta;0.63148;0.78389;0.66641;0.76261;Alpha;0.52793;0.72444;0.64461;0.63381;Beta;0.45861;0.62195;0.60148;0.58721;Gamma;0.47123;0.39726;0.36515
Theta;0.62802;0.78322;0.66497;0.76353;Alpha;0.52898;0.72338;0.64567;0.63192;Beta;0.46569;0.62423;0.60591;0.58858;Gamma;0.46851;0.39877;0.3688
Theta;0.62468;0.78357;0.65885;0.76563;Alpha;0.52299;0.72338;0.63383;0.63604;Beta;0.46158;0.62128;0.59921;0.59323;Gamma;0.46784;0.39267;0.3672
Theta;0.62431;0.78355;0.6577;0.76639;Alpha;0.5191;0.72289;0.63357;0.63583;Beta;0.4627;0.62136;0.59927;0.59216;Gamma;0.46938;0.39477;0.37127
Theta;0.6215;0.78352;0.65531;0.76601;Alpha;0.51686;0.722;0.6313;0.63507;Beta;0.46338;0.62106;0.59939;0.59191;Gamma;0.46989;0.3961;0.37061
Theta;0.62077;0.78405;0.65471;0.76627;Alpha;0.5173;0.72167;0.63247;0.63504;Beta;0.46406;0.62176;0.59945;0.59203;Gamma;0.46977;0.39573;0.37171
Theta;0.62025;0.7841;0.65403;0.76669;Alpha;0.51737;0.72188;0.632;0.63532;Beta;0.46393;0.62178;0.59926;0.59217;Gamma;0.47033;0.3958;0.37176
Theta;0.61934;0.78392;0.65325;0.76673;Alpha;0.51721;0.7221;0.63214;0.63476;Beta;0.46407;0.6218;0.59916;0.59227;Gamma;0.46977;0.39548;0.37202
Theta;0.61865;0.78364;0.65322;0.76625;Alpha;0.51794;0.72234;0.63273;0.63524;Beta;0.46288;0.62097;0.59897;0.59131;Gamma;0.46978;0.39529;0.37507
Theta;0.618;0.78303;0.65217;0.76602;Alpha;0.52031;0.72153;0.63474;0.63528;Beta;0.46436;0.62045;0.60006;0.59163;Gamma;0.47042;0.39883;0.3785
Theta;0.62022;0.78182;0.65589;0.7656;Alpha;0.51317;0.72316;0.62629;0.63625;Beta;0.46728;0.61992;0.60352;0.59076;Gamma;0.4676;0.40443;0.37519
Theta;0.62523;0.78231;0.65903;0.76303;Alpha;0.51633;0.72316;0.62865;0.63271;Beta;0.46448;0.62104;0.59953;0.58862;Gamma;0.47232;0.39927;0.37857
Theta;0.62989;0.78369;0.66396;0.76265;Alpha;0.51644;0.72177;0.62595;0.63336;Beta;0.46454;0.6213;0.60164;0.58877;Gamma;0.47186;0.40372;0.37758
Theta;0.63251;0.78393;0.66502;0.76234;Alpha;0.51905;0.72269;0.62926;0.63271;Beta;0.46335;0.62144;0.5998;0.58913;Gamma;0.47321;0.40321;0.37325
Theta;0.63347;0.78398;0.66588;0.76281;Alpha;0.5189;0.72227;0.62928;0.63235;Beta;0.46174;0.62136;0.59929;0.58908;Gamma;0.4735;0.40221;0.376
Theta;0.63359;0.78396;0.66641;0.76283;Alpha;0.51963;0.72226;0.63045;0.63266;Beta;0.4621;0.62146;0.59896;0.58919;Gamma;0.47286;0.40251;0.37557
Theta;0.63418;0.7839;0.66653;0.7626;Alpha;0.52209;0.72262;0.63296;0.63265;Beta;0.46272;0.62129;0.5994;0.58902;Gamma;0.47379;0.40265;0.37623
Theta;0.63748;0.78428;0.66955;0.76402;Alpha;0.52914;0.72388;0.63946;0.63201;Beta;0.46708;0.62326;0.60334;0.59079;Gamma;0.47679;0.40526;0.37261
Theta;0.63567;0.78422;0.67519;0.77084;Alpha;0.57801;0.72665;0.67255;0.63784;Beta;0.55775;0.6348;0.6434;0.60781;Gamma;0.51208;0.47404;0.42315
Theta;0.76224;0.84302;0.70978;0.76375;Alpha;0.66208;0.74908;0.67031;0.64219;Beta;0.64429;0.6551;0.64696;0.60941;Gamma;0.56064;0.55668;0.48439
Theta;0.74988;0.85322;0.65864;0.77199;Alpha;0.67479;0.75915;0.61104;0.64654;Beta;0.63157;0.65183;0.62468;0.63493;Gamma;0.57629;0.55629;0.48109
Theta;0.76529;0.85474;0.63525;0.7759;Alpha;0.67843;0.75943;0.59429;0.6602;Beta;0.62719;0.66828;0.63912;0.63;Gamma;0.58257;0.55742;0.48142
Theta;0.76046;0.85573;0.64391;0.77884;Alpha;0.6889;0.7638;0.61069;0.66345;Beta;0.63143;0.67366;0.64905;0.63149;Gamma;0.58572;0.55901;0.47985
Theta;0.76177;0.85953;0.62836;0.78147;Alpha;0.68156;0.76036;0.59039;0.66895;Beta;0.63358;0.67624;0.64026;0.64203;Gamma;0.59058;0.55934;0.48027
Theta;0.75961;0.85699;0.63728;0.78166;Alpha;0.68487;0.76115;0.59153;0.67745;Beta;0.63402;0.67533;0.64004;0.64025;Gamma;0.58716;0.55866;0.47998
Theta;0.75831;0.85575;0.62785;0.78234;Alpha;0.69111;0.76407;0.58327;0.67661;Beta;0.63952;0.67798;0.64889;0.63965;Gamma;0.58716;0.55746;0.47673
Theta;0.74933;0.85132;0.62295;0.77474;Alpha;0.69125;0.76858;0.59497;0.67549;Beta;0.6429;0.67747;0.64818;0.63634;Gamma;0.59091;0.55604;0.47942
Theta;0.75447;0.85328;0.6131;0.77867;Alpha;0.68261;0.76501;0.55231;0.67559;Beta;0.64645;0.67156;0.65331;0.62993;Gamma;0.56741;0.54161;0.50978
Theta;0.67926;0.80638;0.58091;0.78376;Alpha;0.62663;0.8143;0.51505;0.67249;Beta;0.5783;0.67431;0.61374;0.63169;Gamma;0.55051;0.45315;0.39289
Theta;0.66176;0.78901;0.60939;0.78254;Alpha;0.56612;0.72557;0.57176;0.68014;Beta;0.50645;0.65231;0.5639;0.61398;Gamma;0.49025;0.40451;0.36785
Theta;0.63534;0.78975;0.63843;0.77396;Alpha;0.53227;0.73684;0.58936;0.66228;Beta;0.53572;0.63878;0.60124;0.60146;Gamma;0.48526;0.41136;0.38411
Theta;0.63531;0.78963;0.64069;0.77804;Alpha;0.53392;0.73565;0.59681;0.66673;Beta;0.52069;0.63702;0.58612;0.60437;Gamma;0.49466;0.42199;0.39894
Theta;0.63185;0.78576;0.64486;0.77265;Alpha;0.55129;0.73168;0.60354;0.66024;Beta;0.53011;0.63459;0.58702;0.61384;Gamma;0.48145;0.41165;0.36605
Theta;0.63708;0.78599;0.64003;0.76912;Alpha;0.54469;0.73215;0.60486;0.64211;Beta;0.51864;0.63156;0.58794;0.59188;Gamma;0.47712;0.40793;0.37453
Theta;0.62777;0.78323;0.64604;0.7695;Alpha;0.53265;0.72894;0.609;0.64353;Beta;0.51624;0.63138;0.58788;0.59215;Gamma;0.47169;0.40862;0.37334
Theta;0.62722;0.78256;0.63703;0.77338;Alpha;0.5225;0.72808;0.6029;0.64269;Beta;0.50893;0.63065;0.58168;0.59264;Gamma;0.47252;0.40695;0.38624
Theta;0.62299;0.7827;0.63972;0.76689;Alpha;0.52735;0.72632;0.60273;0.63733;Beta;0.49115;0.62666;0.57673;0.59171;Gamma;0.47;0.40648;0.37976
Theta;0.62297;0.78165;0.63464;0.76819;Alpha;0.52554;0.72715;0.60546;0.63093;Beta;0.48795;0.62704;0.57564;0.59176;Gamma;0.46735;0.40459;0.37225
Theta;0.64233;0.78312;0.66381;0.76483;Alpha;0.55694;0.73074;0.63794;0.635;Beta;0.49539;0.628;0.60267;0.59483;Gamma;0.47069;0.4008;0.37487
Theta;0.73573;0.83169;0.73234;0.76589;Alpha;0.58486;0.72682;0.62664;0.62986;Beta;0.60995;0.68639;0.71599;0.62562;Gamma;0.51919;0.44414;0.42946
Theta;0.9421;0.92703;0.83364;0.96896;Alpha;0.85994;0.9409;0.88671;0.91722;Beta;0.77841;0.8423;0.84543;0.99067;Gamma;0.77943;0.70652;0.65289
Theta;0.91629;0.88131;0.82335;1;Alpha;0.77876;0.90534;0.85134;0.93771;Beta;0.66314;0.78051;0.7628;0.96329;Gamma;0.65159;0.53545;0.49182
Theta;0.93673;0.90757;0.85036;0.9973;Alpha;0.76935;0.9003;0.83808;0.94353;Beta;0.67057;0.78255;0.76832;0.96227;Gamma;0.64881;0.53272;0.47967
Theta;0.93753;0.89997;0.84858;0.99774;Alpha;0.76026;0.89106;0.83681;0.94029;Beta;0.69192;0.7809;0.76427;0.96346;Gamma;0.64516;0.5306;0.4673
Theta;0.9348;0.90197;0.84664;0.99493;Alpha;0.76554;0.89092;0.83875;0.94009;Beta;0.6911;0.78042;0.76372;0.9617;Gamma;0.64551;0.52785;0.46763
Theta;0.93556;0.90111;0.84743;0.99621;Alpha;0.76904;0.89184;0.83814;0.94112;Beta;0.69297;0.78007;0.76468;0.96135;Gamma;0.64634;0.52985;0.47275
Theta;0.93794;0.90719;0.8484;0.99417;Alpha;0.76569;0.88965;0.83589;0.94252;Beta;0.69305;0.78193;0.76393;0.96245;Gamma;0.64791;0.52819;0.46684
Theta;0.94315;0.91422;0.84619;1;Alpha;0.77485;0.90214;0.83458;0.94669;Beta;0.712;0.79722;0.76696;0.96233;Gamma;0.66304;0.53832;0.4599
Theta;0.9499;0.92982;0.83478;1;Alpha;0.75527;0.8598;0.84837;0.94329;Beta;0.61072;0.73328;0.67651;0.96625;Gamma;0.6707;0.54238;0.45603
Theta;0.90841;0.87927;0.76564;1;Alpha;0.81054;0.8464;0.82181;0.97591;Beta;0.75648;0.70022;0.76535;1;Gamma;0.76016;0.6147;0.47042
Theta;0.67058;0.7737;0.68493;0.83253;Alpha;0.55362;0.71652;0.64571;0.71841;Beta;0.6028;0.62647;0.60669;0.678;Gamma;0.52089;0.45295;0.41674
Theta;0.64896;0.782;0.66689;0.83473;Alpha;0.57269;0.70883;0.66304;0.7168;Beta;0.45097;0.5966;0.61531;0.67823;Gamma;0.49754;0.42983;0.39078
Theta;0.60506;0.75162;0.649;0.82259;Alpha;0.48604;0.68232;0.63035;0.71434;Beta;0.42262;0.57916;0.59786;0.67333;Gamma;0.47902;0.41017;0.37903
Theta;0.59923;0.75548;0.64954;0.82547;Alpha;0.46398;0.67835;0.62655;0.7191;Beta;0.39165;0.57526;0.59581;0.67555;Gamma;0.47316;0.4077;0.37344
Theta;0.59698;0.75092;0.64937;0.82681;Alpha;0.461;0.67793;0.62934;0.71988;Beta;0.38268;0.57284;0.59675;0.67563;Gamma;0.47324;0.40739;0.37105
Theta;0.6001;0.76357;0.64624;0.82703;Alpha;0.46867;0.6899;0.63603;0.71817;Beta;0.3696;0.57345;0.594;0.67405;Gamma;0.47593;0.39788;0.37485
Theta;0.60798;0.76583;0.65312;0.81653;Alpha;0.50922;0.70239;0.62313;0.76387;Beta;0.44669;0.60185;0.59049;0.70599;Gamma;0.48411;0.44175;0.39772
Theta;0.63552;0.78913;0.66646;0.72816;Alpha;0.54722;0.74202;0.6473;0.62881;Beta;0.44834;0.61772;0.60495;0.60936;Gamma;0.48647;0.40228;0.38636
Theta;0.6329;0.78898;0.6693;0.73231;Alpha;0.52604;0.72799;0.64198;0.6384;Beta;0.45875;0.6249;0.60663;0.59544;Gamma;0.4801;0.40244;0.38393
Theta;0.63063;0.7863;0.66794;0.73003;Alpha;0.52614;0.72724;0.64248;0.64026;Beta;0.45982;0.62636;0.60652;0.59518;Gamma;0.48001;0.40375;0.38496
Theta;0.62987;0.78665;0.66785;0.73107;Alpha;0.52678;0.72745;0.64324;0.64086;Beta;0.45941;0.62683;0.60568;0.59587;Gamma;0.47971;0.40383;0.38554
Theta;0.62989;0.7866;0.66775;0.73088;Alpha;0.52634;0.72749;0.64302;0.64132;Beta;0.45995;0.62693;0.60557;0.5952;Gamma;0.47981;0.40418;0.3868
Theta;0.62958;0.78665;0.66772;0.73046;Alpha;0.5253;0.72775;0.64303;0.6423;Beta;0.45972;0.62667;0.60539;0.59463;Gamma;0.4795;0.40424;0.38582
Theta;0.62993;0.78683;0.66806;0.73121;Alpha;0.52421;0.72799;0.6427;0.64275;Beta;0.46027;0.62724;0.60563;0.59558;Gamma;0.47965;0.4046;0.38434
Theta;0.63053;0.78677;0.66797;0.72976;Alpha;0.52442;0.72864;0.64314;0.64349;Beta;0.46085;0.62743;0.6053;0.59502;Gamma;0.48015;0.40463;0.38054
Theta;0.6304;0.78705;0.66864;0.73208;Alpha;0.52339;0.73004;0.64096;0.64322;Beta;0.46155;0.62654;0.60647;0.59373;Gamma;0.48031;0.40358;0.37952
Theta;0.63126;0.78507;0.66819;0.72786;Alpha;0.52345;0.72668;0.63947;0.63689;Beta;0.45897;0.62451;0.60228;0.58957;Gamma;0.47644;0.40294;0.37741
Theta;0.63163;0.78533;0.66834;0.72828;Alpha;0.52261;0.72656;0.63982;0.63697;Beta;0.45917;0.62554;0.60169;0.59113;Gamma;0.47562;0.40938;0.37293
Theta;0.63161;0.78521;0.66814;0.72785;Alpha;0.52244;0.72742;0.63975;0.63801;Beta;0.45933;0.62483;0.60181;0.59004;Gamma;0.47579;0.41113;0.37563
Theta;0.63178;0.78517;0.66828;0.72786;Alpha;0.52215;0.7277;0.63975;0.63852;Beta;0.45952;0.62511;0.60167;0.59074;Gamma;0.47603;0.41078;0.37493
Theta;0.63206;0.78534;0.66828;0.72809;Alpha;0.52143;0.72807;0.64004;0.63878;Beta;0.45943;0.62494;0.60187;0.59089;Gamma;0.47611;0.41066;0.37436
Theta;0.63223;0.78509;0.66814;0.72757;Alpha;0.52213;0.72812;0.64021;0.63847;Beta;0.45954;0.62473;0.60218;0.59065;Gamma;0.47618;0.41055;0.37383
Theta;0.63201;0.78539;0.66788;0.72833;Alpha;0.52244;0.72821;0.64049;0.63815;Beta;0.45937;0.62445;0.60216;0.59083;Gamma;0.47581;0.41009;0.37472
Theta;0.63185;0.78506;0.6677;0.72723;Alpha;0.52255;0.72847;0.64034;0.63817;Beta;0.45931;0.62429;0.60227;0.5913;Gamma;0.47499;0.40912;0.37693
Theta;0.63178;0.78571;0.66784;0.72848;Alpha;0.52235;0.72824;0.64061;0.63799;Beta;0.45934;0.62409;0.60194;0.59095;Gamma;0.4751;0.41098;0.37806
Theta;0.63173;0.785;0.66748;0.72679;Alpha;0.52171;0.72759;0.64249;0.63712;Beta;0.45924;0.62246;0.60328;0.58793;Gamma;0.47568;0.40841;0.37848
Theta;0.63073;0.78533;0.66711;0.72576;Alpha;0.52253;0.72839;0.64275;0.63594;Beta;0.46079;0.62108;0.60406;0.58877;Gamma;0.47551;0.40894;0.37471
Theta;0.63046;0.78588;0.66686;0.7259;Alpha;0.52356;0.72811;0.64301;0.63593;Beta;0.46146;0.62144;0.60447;0.58887;Gamma;0.47519;0.40835;0.37333
Theta;0.63033;0.78583;0.66652;0.72564;Alpha;0.5237;0.72836;0.64282;0.63603;Beta;0.46152;0.6215;0.60473;0.58847;Gamma;0.47494;0.40811;0.37293
Theta;0.63027;0.786;0.66668;0.72583;Alpha;0.52389;0.72831;0.64284;0.63613;Beta;0.46147;0.62155;0.60461;0.58852;Gamma;0.47479;0.40838;0.37329
Theta;0.63029;0.78577;0.66655;0.7255;Alpha;0.52328;0.72803;0.6426;0.63588;Beta;0.46098;0.62186;0.60419;0.58852;Gamma;0.47488;0.40846;0.37441
Theta;0.62678;0.78287;0.66527;0.7268;Alpha;0.529;0.73411;0.6439;0.63554;Beta;0.46652;0.62828;0.60437;0.58871;Gamma;0.48177;0.41338;0.37299
Theta;0.64306;0.78751;0.67144;0.72504;Alpha;0.54827;0.73912;0.65064;0.63403;Beta;0.47238;0.63126;0.60527;0.59026;Gamma;0.48375;0.41914;0.38077
Theta;0.62752;0.79255;0.65119;0.75766;Alpha;0.6142;0.76188;0.67904;0.62191;Beta;0.47649;0.63981;0.60165;0.60535;Gamma;0.49913;0.43012;0.39437
Theta;0.64561;0.77214;0.68592;0.74139;Alpha;0.56899;0.72813;0.66512;0.6289;Beta;0.50402;0.62487;0.62899;0.58313;Gamma;0.49305;0.42136;0.38382
Theta;0.71675;0.77739;0.69109;0.73416;Alpha;0.76618;0.77331;0.72587;0.63197;Beta;0.71827;0.63737;0.65846;0.58278;Gamma;0.58127;0.49834;0.42452
Theta;0.8401;0.80555;0.76661;0.74881;Alpha;0.79719;0.78137;0.69346;0.64273;Beta;0.72637;0.65592;0.69771;0.58549;Gamma;0.60299;0.51941;0.50223
Theta;1;0.80127;0.75217;0.74351;Alpha;0.83776;0.82421;0.76807;0.68609;Beta;0.85929;0.69264;0.74999;0.61412;Gamma;0.7865;0.68668;0.55413
Theta;0.97744;0.82018;0.75021;0.76525;Alpha;0.89329;0.82958;0.79048;0.72996;Beta;0.86651;0.69727;0.80544;0.63001;Gamma;0.83007;0.6897;0.60999
Theta;0.98269;0.82315;0.74879;0.75019;Alpha;0.9059;0.82387;0.78996;0.73152;Beta;0.85163;0.70183;0.80226;0.64291;Gamma;0.83817;0.69774;0.60391
Theta;0.98431;0.82537;0.74852;0.75928;Alpha;0.90493;0.82225;0.78892;0.7295;Beta;0.85085;0.69537;0.80446;0.63109;Gamma;0.83924;0.6974;0.60075
Theta;0.98269;0.8413;0.74599;0.76437;Alpha;0.90138;0.81341;0.78349;0.72966;Beta;0.85178;0.70263;0.80489;0.63556;Gamma;0.83926;0.69635;0.60893
Theta;0.98749;0.85183;0.76579;0.73458;Alpha;0.90202;0.81371;0.77901;0.74044;Beta;0.85684;0.7127;0.81308;0.63248;Gamma;0.84066;0.7063;0.61853
Theta;0.98554;0.83149;0.74291;0.73748;Alpha;0.90312;0.82639;0.78336;0.72657;Beta;0.85357;0.70102;0.80085;0.63466;Gamma;0.83849;0.69729;0.6072
Theta;0.95472;0.84149;0.74443;0.74045;Alpha;0.91879;0.82656;0.78328;0.72776;Beta;0.84522;0.72373;0.79175;0.63094;Gamma;0.84244;0.67552;0.59007
Theta;0.90463;0.83379;0.71695;0.72445;Alpha;0.9238;0.7873;0.76353;0.71679;Beta;0.81749;0.69044;0.7925;0.63073;Gamma;0.83999;0.63442;0.59529
Theta;0.75088;0.80778;0.67428;0.73505;Alpha;0.79039;0.74361;0.70886;0.65;Beta;0.72259;0.65331;0.70969;0.61737;Gamma;0.60725;0.50616;0.48513
Theta;0.69171;0.79389;0.67861;0.70708;Alpha;0.67385;0.74826;0.65577;0.62483;Beta;0.60308;0.64606;0.60881;0.58066;Gamma;0.53702;0.44026;0.43188
Theta;0.66045;0.78954;0.67781;0.72058;Alpha;0.60932;0.73783;0.65978;0.62569;Beta;0.53276;0.63933;0.61129;0.5782;Gamma;0.49791;0.41463;0.38976
Theta;0.67276;0.7942;0.68282;0.70736;Alpha;0.57481;0.73184;0.65564;0.62542;Beta;0.50126;0.63399;0.60918;0.57773;Gamma;0.49314;0.40886;0.38802
Theta;0.67843;0.79563;0.68906;0.71604;Alpha;0.58245;0.73611;0.66463;0.62719;Beta;0.49887;0.63493;0.61133;0.57555;Gamma;0.48684;0.40424;0.3947
Theta;0.66257;0.79003;0.67636;0.7108;Alpha;0.576;0.73171;0.65628;0.62333;Beta;0.49673;0.63297;0.60946;0.57416;Gamma;0.48738;0.39901;0.38978
Theta;0.62969;0.78613;0.66314;0.71399;Alpha;0.549;0.72617;0.64585;0.62947;Beta;0.48012;0.6268;0.60385;0.58038;Gamma;0.47773;0.39307;0.38308
Theta;0.61539;0.78555;0.66559;0.72227;Alpha;0.52511;0.72016;0.63792;0.63231;Beta;0.47102;0.62386;0.60647;0.58578;Gamma;0.47369;0.39519;0.38285
Theta;0.60431;0.782;0.66081;0.72019;Alpha;0.53001;0.72277;0.64012;0.63395;Beta;0.46502;0.62013;0.60462;0.58487;Gamma;0.47401;0.40001;0.38685
Theta;0.60151;0.78177;0.66094;0.72097;Alpha;0.51691;0.72048;0.63582;0.63436;Beta;0.46849;0.62152;0.60552;0.58406;Gamma;0.47336;0.39919;0.38499
Theta;0.59388;0.78117;0.65861;0.72227;Alpha;0.51714;0.72146;0.63636;0.63388;Beta;0.45743;0.61916;0.60288;0.58516;Gamma;0.47028;0.3999;0.38065
Theta;0.59584;0.78135;0.6585;0.72093;Alpha;0.51705;0.7207;0.63688;0.63311;Beta;0.45739;0.61839;0.60285;0.58335;Gamma;0.47057;0.39959;0.37772
Theta;0.59454;0.7809;0.65813;0.72125;Alpha;0.51661;0.7206;0.6363;0.6328;Beta;0.45514;0.61826;0.60272;0.58338;Gamma;0.47055;0.39932;0.37671
Theta;0.5956;0.78125;0.65882;0.72115;Alpha;0.51683;0.72085;0.63827;0.63263;Beta;0.45692;0.61924;0.60372;0.58379;Gamma;0.47058;0.39844;0.37144
Theta;0.59975;0.78002;0.66145;0.72113;Alpha;0.51333;0.71986;0.63435;0.6303;Beta;0.45693;0.6204;0.60514;0.58518;Gamma;0.46702;0.40145;0.37203
Theta;0.60443;0.77967;0.6627;0.72297;Alpha;0.51589;0.71836;0.63381;0.63134;Beta;0.44989;0.61921;0.59788;0.58202;Gamma;0.46753;0.3979;0.37303
Theta;0.60566;0.77881;0.66163;0.72233;Alpha;0.51506;0.71942;0.63367;0.63076;Beta;0.45274;0.62013;0.60166;0.58311;Gamma;0.4657;0.39487;0.3774
Theta;0.60853;0.7791;0.66273;0.72251;Alpha;0.52199;0.72118;0.63612;0.63034;Beta;0.45418;0.62021;0.60145;0.5831;Gamma;0.46642;0.39298;0.37712
Theta;0.61065;0.77916;0.66417;0.72278;Alpha;0.51918;0.72142;0.63486;0.62974;Beta;0.45467;0.6208;0.60183;0.58327;Gamma;0.46671;0.39313;0.38053
Theta;0.61265;0.77924;0.66556;0.7228;Alpha;0.51966;0.72041;0.63398;0.629;Beta;0.45416;0.62132;0.60093;0.58317;Gamma;0.46621;0.39362;0.37855
Theta;0.61273;0.77938;0.66639;0.72334;Alpha;0.51968;0.72026;0.63453;0.62941;Beta;0.45432;0.62199;0.60144;0.58356;Gamma;0.46705;0.39324;0.37986
Theta;0.61366;0.77961;0.66619;0.72283;Alpha;0.51864;0.71985;0.63466;0.62961;Beta;0.45489;0.62246;0.60098;0.58404;Gamma;0.46884;0.39335;0.38135
Theta;0.61401;0.77899;0.66673;0.72243;Alpha;0.52104;0.71969;0.63453;0.62914;Beta;0.45513;0.62255;0.60136;0.5838;Gamma;0.46862;0.39376;0.3812
Theta;0.61338;0.77927;0.66542;0.72219;Alpha;0.52127;0.72164;0.6359;0.63015;Beta;0.45353;0.62064;0.6006;0.58272;Gamma;0.46987;0.39925;0.37684
Theta;0.6155;0.78062;0.66629;0.72267;Alpha;0.52439;0.72397;0.63893;0.63389;Beta;0.46252;0.62264;0.60641;0.58778;Gamma;0.47484;0.39831;0.37203
Theta;0.62092;0.78188;0.66717;0.72251;Alpha;0.52959;0.72449;0.64506;0.63597;Beta;0.45817;0.62223;0.60363;0.58735;Gamma;0.47063;0.40136;0.37356
Theta;0.61945;0.78118;0.66649;0.72228;Alpha;0.5279;0.72368;0.64418;0.63517;Beta;0.46026;0.62179;0.60375;0.58785;Gamma;0.47106;0.39977;0.37245
Theta;0.62061;0.78135;0.66607;0.72233;Alpha;0.53061;0.72451;0.64561;0.63511;Beta;0.4608;0.62165;0.6048;0.58802;Gamma;0.47045;0.3998;0.37135
Theta;0.62011;0.78147;0.66573;0.72189;Alpha;0.52927;0.7242;0.64499;0.63539;Beta;0.46059;0.62117;0.60487;0.58796;Gamma;0.47059;0.40019;0.36965
Theta;0.61944;0.78121;0.66517;0.72177;Alpha;0.52817;0.72437;0.64428;0.63479;Beta;0.46029;0.62096;0.60494;0.58769;Gamma;0.4705;0.40043;0.37013
Theta;0.61946;0.78105;0.66578;0.72093;Alpha;0.52748;0.72456;0.64371;0.6352;Beta;0.4611;0.62121;0.60501;0.58753;Gamma;0.46961;0.40002;0.37203
Theta;0.61847;0.78089;0.66531;0.72234;Alpha;0.52875;0.72488;0.64479;0.63633;Beta;0.46259;0.62127;0.60533;0.58713;Gamma;0.46877;0.39891;0.36783
Theta;0.61723;0.78149;0.6656;0.72191;Alpha;0.5279;0.72382;0.64388;0.63603;Beta;0.46418;0.62164;0.60592;0.58739;Gamma;0.46948;0.40067;0.37433
Theta;0.61464;0.77965;0.66095;0.7247;Alpha;0.52464;0.72288;0.6367;0.63302;Beta;0.46182;0.61988;0.59866;0.58674;Gamma;0.46497;0.3958;0.37923
Theta;0.60305;0.7788;0.65467;0.72848;Alpha;0.52147;0.72253;0.62657;0.6315;Beta;0.4515;0.61951;0.59042;0.58715;Gamma;0.46456;0.39876;0.36314
Theta;0.66649;0.78714;0.67231;0.72948;Alpha;0.53216;0.72679;0.62809;0.63154;Beta;0.4762;0.62762;0.58921;0.58537;Gamma;0.47541;0.42113;0.39842
Theta;0.71466;0.79781;0.68077;0.73721;Alpha;0.55058;0.73354;0.63729;0.64274;Beta;0.60219;0.64429;0.59533;0.58725;Gamma;0.50133;0.42428;0.40306
Theta;0.8229;1;0.78549;0.75351;Alpha;0.6163;1;0.80944;0.65017;Beta;0.69176;1;0.78654;0.58919;Gamma;0.76489;0.80611;0.72476
Theta;0.79451;1;0.76826;0.76178;Alpha;0.66164;0.98713;0.79612;0.66025;Beta;0.72232;1;0.76626;0.59339;Gamma;0.77608;0.81289;0.71448
Theta;0.81028;0.9951;0.78049;0.75151;Alpha;0.65487;0.9909;0.7939;0.6586;Beta;0.71578;0.99667;0.76823;0.59842;Gamma;0.77114;0.81201;0.71513
Theta;0.80595;0.99508;0.77689;0.76324;Alpha;0.64551;0.9915;0.79184;0.66255;Beta;0.72363;0.99751;0.76694;0.59828;Gamma;0.77368;0.81184;0.71462
Theta;0.8062;0.99566;0.77466;0.75196;Alpha;0.64577;0.99151;0.79337;0.6625;Beta;0.72562;0.99722;0.76653;0.59479;Gamma;0.77369;0.81207;0.71377
Theta;0.81435;0.99613;0.78336;0.76238;Alpha;0.65327;0.99108;0.80004;0.66401;Beta;0.72912;0.99812;0.77555;0.60418;Gamma;0.77621;0.81282;0.71728
Theta;0.84487;0.99573;0.79798;0.77446;Alpha;0.68938;0.9915;0.80789;0.67564;Beta;0.74004;1;0.78287;0.6139;Gamma;0.78113;0.81188;0.7236
Theta;0.78598;0.98962;0.78291;0.76998;Alpha;0.63883;0.98666;0.8002;0.67177;Beta;0.73988;1;0.78046;0.61353;Gamma;0.79263;0.81216;0.72426
Theta;0.80835;0.99264;0.78961;0.77373;Alpha;0.83081;0.971;0.80886;0.6729;Beta;0.87893;1;0.76641;0.61807;Gamma;0.82045;0.83421;0.72798
Theta;0.77664;0.7891;0.71733;0.76352;Alpha;0.81335;0.76024;0.76157;0.67977;Beta;0.88376;0.7055;0.77359;0.64592;Gamma;0.75713;0.61953;0.58766
Theta;0.77658;0.7943;0.71588;0.74797;Alpha;0.81432;0.73952;0.77704;0.67642;Beta;0.87124;0.71735;0.75647;0.64088;Gamma;0.75424;0.61209;0.59885
Theta;0.78473;0.79268;0.70885;0.75375;Alpha;0.82301;0.73725;0.78114;0.67668;Beta;0.86789;0.72415;0.75257;0.63597;Gamma;0.75105;0.61705;0.60287
Theta;0.79057;0.79476;0.71122;0.74722;Alpha;0.82563;0.74384;0.77985;0.67218;Beta;0.87905;0.73784;0.75269;0.63685;Gamma;0.7579;0.61187;0.59858
Theta;0.79159;0.79779;0.74117;0.76441;Alpha;0.82539;0.75621;0.7748;0.66787;Beta;0.87731;0.72584;0.77055;0.65184;Gamma;0.76318;0.62214;0.59326
Theta;0.86323;0.82246;0.72;0.76265;Alpha;0.95592;0.79205;0.79329;0.69077;Beta;0.94395;0.75348;0.74922;0.62914;Gamma;0.79301;0.67003;0.6112
Theta;0.86872;0.86709;0.73383;0.75461;Alpha;0.95642;0.81311;0.80764;0.69936;Beta;0.96125;0.77555;0.76181;0.62952;Gamma;0.80914;0.70204;0.63187
Theta;0.87124;0.84342;0.73571;0.76717;Alpha;0.96111;0.82122;0.84421;0.71954;Beta;0.96219;0.76522;0.74153;0.64749;Gamma;0.79504;0.68358;0.6848
Theta;0.86848;0.85679;0.72132;0.78592;Alpha;0.96122;0.80609;0.77738;0.69613;Beta;0.90547;0.76853;0.73979;0.62487;Gamma;0.70266;0.61243;0.64365
Theta;0.83762;0.84629;0.70652;0.74122;Alpha;0.92793;0.76868;0.69416;0.67397;Beta;0.8657;0.70728;0.6026;0.59472;Gamma;0.65931;0.57188;0.61169
Theta;0.83507;0.85354;0.71108;0.75033;Alpha;0.9283;0.76406;0.69795;0.6794;Beta;0.86667;0.70601;0.60347;0.59;Gamma;0.65818;0.57235;0.61348
Theta;0.8387;0.84931;0.70108;0.74494;Alpha;0.93081;0.75632;0.70415;0.68161;Beta;0.87418;0.70245;0.6053;0.58746;Gamma;0.66111;0.58029;0.61726
Theta;0.82054;0.84557;0.70615;0.74779;Alpha;0.93441;0.73041;0.71082;0.68743;Beta;0.85572;0.7075;0.60506;0.58753;Gamma;0.6551;0.57306;0.62249
Theta;0.84412;0.85676;0.68828;0.73963;Alpha;0.9075;0.71127;0.72739;0.68959;Beta;0.85553;0.72445;0.61942;0.58439;Gamma;0.64592;0.5941;0.58996
Theta;0.70686;0.81511;0.6839;0.7307;Alpha;0.70211;0.68148;0.66478;0.66322;Beta;0.65151;0.64684;0.60982;0.59681;Gamma;0.52913;0.4321;0.41313
Theta;0.6804;0.77877;0.68507;0.75264;Alpha;0.55097;0.64051;0.64194;0.65078;Beta;0.5603;0.60175;0.61949;0.60154;Gamma;0.49357;0.43131;0.37521
Theta;0.68017;0.78717;0.67289;0.76811;Alpha;0.56424;0.66178;0.65441;0.66832;Beta;0.537;0.61662;0.62162;0.62205;Gamma;0.50448;0.4315;0.38189
Theta;0.67258;0.79253;0.67003;0.74249;Alpha;0.55726;0.64249;0.64186;0.68191;Beta;0.51006;0.61065;0.60949;0.61445;Gamma;0.50102;0.43244;0.39268
Theta;0.61448;0.75663;0.66971;0.74149;Alpha;0.53894;0.64239;0.64459;0.64935;Beta;0.48106;0.58994;0.60657;0.60031;Gamma;0.48115;0.41182;0.38456
Theta;0.61848;0.75513;0.66662;0.73405;Alpha;0.54025;0.63874;0.64224;0.64562;Beta;0.47807;0.58744;0.60683;0.59933;Gamma;0.4811;0.41136;0.38546
Theta;0.61583;0.75362;0.66784;0.73684;Alpha;0.54065;0.63777;0.64134;0.64358;Beta;0.47093;0.5863;0.60643;0.59882;Gamma;0.47851;0.40997;0.38603
Theta;0.61369;0.75298;0.6675;0.7348;Alpha;0.53723;0.63752;0.64193;0.64321;Beta;0.4654;0.58282;0.60653;0.5988;Gamma;0.4786;0.41195;0.38786
Theta;0.6166;0.7565;0.66708;0.73623;Alpha;0.52937;0.63523;0.64203;0.64391;Beta;0.46547;0.58338;0.60617;0.60113;Gamma;0.47888;0.41379;0.38514
Theta;0.61846;0.75496;0.66667;0.73146;Alpha;0.52877;0.63605;0.64221;0.64199;Beta;0.45876;0.58096;0.60694;0.59605;Gamma;0.47773;0.40876;0.38266
Theta;0.6162;0.75385;0.66678;0.72998;Alpha;0.52247;0.63288;0.64178;0.64002;Beta;0.45405;0.5804;0.60617;0.59189;Gamma;0.47744;0.40665;0.38105
Theta;0.61708;0.75473;0.6668;0.73015;Alpha;0.52232;0.63257;0.64211;0.64056;Beta;0.45491;0.58027;0.60601;0.59144;Gamma;0.47681;0.40855;0.38185
Theta;0.61683;0.75449;0.66723;0.72956;Alpha;0.5226;0.6327;0.64232;0.64061;Beta;0.45515;0.58018;0.60559;0.59107;Gamma;0.47672;0.40827;0.37976
Theta;0.61644;0.75486;0.66722;0.73047;Alpha;0.52413;0.63335;0.64237;0.64029;Beta;0.45548;0.58102;0.60549;0.59127;Gamma;0.47692;0.40833;0.38073
Theta;0.61758;0.75566;0.66794;0.73139;Alpha;0.52132;0.62844;0.64164;0.64322;Beta;0.46078;0.58438;0.6053;0.59196;Gamma;0.47955;0.41067;0.38024
Theta;0.61303;0.74886;0.66791;0.73551;Alpha;0.53033;0.63595;0.64281;0.64087;Beta;0.45967;0.583;0.60405;0.59193;Gamma;0.47744;0.4112;0.37234
Theta;0.60672;0.74351;0.66518;0.73583;Alpha;0.53274;0.6378;0.64009;0.64437;Beta;0.46792;0.58746;0.60342;0.59373;Gamma;0.48126;0.41344;0.38015
Theta;0.6084;0.74601;0.66455;0.73753;Alpha;0.5317;0.63697;0.64161;0.64139;Beta;0.46978;0.58918;0.60289;0.59464;Gamma;0.47888;0.40615;0.37567
Theta;0.60422;0.74116;0.66397;0.73308;Alpha;0.53088;0.63778;0.64073;0.64031;Beta;0.46559;0.5825;0.6007;0.59415;Gamma;0.47622;0.40958;0.37341
Theta;0.60634;0.74133;0.66367;0.72881;Alpha;0.53599;0.64046;0.64151;0.63757;Beta;0.47215;0.58483;0.60047;0.59277;Gamma;0.47544;0.40709;0.373
Theta;0.60601;0.74061;0.66384;0.7307;Alpha;0.53702;0.64162;0.64133;0.63674;Beta;0.47114;0.58493;0.60073;0.59317;Gamma;0.47593;0.40508;0.37236
Theta;0.6062;0.74062;0.6639;0.72968;Alpha;0.53722;0.6416;0.64132;0.63659;Beta;0.47104;0.58454;0.6008;0.59275;Gamma;0.47566;0.40474;0.37129
Theta;0.60697;0.7416;0.66375;0.73019;Alpha;0.53623;0.64079;0.64111;0.63719;Beta;0.47215;0.58474;0.60117;0.59261;Gamma;0.47565;0.40449;0.37277
Theta;0.60724;0.74254;0.66336;0.72715;Alpha;0.53966;0.64607;0.64165;0.63563;Beta;0.47227;0.58429;0.60127;0.59275;Gamma;0.47609;0.40495;0.37176
Theta;0.61659;0.75402;0.66398;0.7259;Alpha;0.5286;0.63779;0.64096;0.63627;Beta;0.46363;0.57759;0.60223;0.59153;Gamma;0.47573;0.40252;0.37592
Theta;0.61903;0.75451;0.66593;0.72304;Alpha;0.53389;0.64237;0.64351;0.63246;Beta;0.46302;0.57769;0.60347;0.58963;Gamma;0.47201;0.40368;0.37921
Theta;0.61396;0.74879;0.66652;0.72454;Alpha;0.52978;0.63791;0.64152;0.63339;Beta;0.46036;0.5755;0.60346;0.59003;Gamma;0.47214;0.39839;0.37563
Theta;0.61768;0.75269;0.66666;0.72447;Alpha;0.53139;0.63779;0.64323;0.63393;Beta;0.46587;0.58251;0.60572;0.58801;Gamma;0.4751;0.40204;0.37475
Theta;0.61625;0.75186;0.6659;0.72529;Alpha;0.52767;0.63622;0.64122;0.63465;Beta;0.4622;0.58023;0.60432;0.58828;Gamma;0.47443;0.40339;0.37255
Theta;0.61689;0.75321;0.66578;0.7251;Alpha;0.52679;0.63428;0.64141;0.63528;Beta;0.46244;0.57995;0.60474;0.58798;Gamma;0.47416;0.40315;0.37209
Theta;0.61704;0.75368;0.66561;0.72474;Alpha;0.52668;0.63422;0.64129;0.63551;Beta;0.46277;0.5803;0.60455;0.58785;Gamma;0.4743;0.40345;0.37349
Theta;0.61589;0.75238;0.66585;0.72591;Alpha;0.52728;0.63441;0.64138;0.63496;Beta;0.46115;0.5797;0.60399;0.58825;Gamma;0.47444;0.40322;0.3737
Theta;0.6159;0.75239;0.66535;0.72557;Alpha;0.52738;0.63473;0.64106;0.63481;Beta;0.46062;0.57998;0.60414;0.58845;Gamma;0.47391;0.40296;0.3733
Theta;0.61705;0.75415;0.66538;0.7255;Alpha;0.52748;0.63386;0.64125;0.6349;Beta;0.46029;0.58031;0.60371;0.58838;Gamma;0.47368;0.40245;0.37395
Theta;0.61753;0.75521;0.66533;0.72472;Alpha;0.52788;0.63443;0.64036;0.63401;Beta;0.46024;0.58027;0.60329;0.58821;Gamma;0.4741;0.40318;0.37478
Theta;0.61608;0.75339;0.66597;0.72686;Alpha;0.52777;0.63467;0.63973;0.63389;Beta;0.45962;0.57957;0.60487;0.58962;Gamma;0.47423;0.40298;0.37753
Theta;0.61658;0.75404;0.66424;0.72495;Alpha;0.52581;0.63379;0.63923;0.63413;Beta;0.46144;0.58152;0.60273;0.58778;Gamma;0.47338;0.40125;0.37836
Theta;0.61809;0.75569;0.6635;0.72245;Alpha;0.52437;0.63285;0.64019;0.63458;Beta;0.46143;0.58362;0.6039;0.58452;Gamma;0.47238;0.4016;0.37597
Theta;0.61728;0.75516;0.66476;0.72379;Alpha;0.5245;0.63412;0.64004;0.63338;Beta;0.46172;0.58348;0.60341;0.58552;Gamma;0.47268;0.40385;0.37721
Theta;0.61713;0.75482;0.66423;0.72272;Alpha;0.52489;0.6345;0.63989;0.63245;Beta;0.46221;0.58377;0.60356;0.58551;Gamma;0.47263;0.40334;0.37797
Theta;0.61684;0.75463;0.66434;0.72382;Alpha;0.52483;0.63476;0.63994;0.6322;Beta;0.46274;0.58422;0.60353;0.58487;Gamma;0.47286;0.4038;0.3775
Theta;0.61629;0.75266;0.6647;0.7241;Alpha;0.52389;0.63321;0.64046;0.633;Beta;0.46273;0.58445;0.60342;0.58483;Gamma;0.47322;0.40426;0.37805
Theta;0.61523;0.75201;0.66399;0.72456;Alpha;0.52422;0.63341;0.64074;0.63246;Beta;0.46229;0.58442;0.60343;0.58523;Gamma;0.47303;0.40424;0.37914
Theta;0.61513;0.75143;0.66444;0.72528;Alpha;0.5241;0.63356;0.64091;0.6331;Beta;0.46345;0.5849;0.60391;0.58543;Gamma;0.47285;0.40475;0.37655
Theta;0.6194;0.75651;0.66378;0.7224;Alpha;0.52838;0.63888;0.64283;0.6323;Beta;0.46076;0.58243;0.60378;0.58689;Gamma;0.4739;0.40624;0.37715
Theta;0.62261;0.75934;0.66677;0.72218;Alpha;0.53655;0.64556;0.6446;0.63068;Beta;0.45729;0.57853;0.60027;0.58578;Gamma;0.47269;0.40359;0.3818
Theta;0.61889;0.75602;0.66948;0.7262;Alpha;0.53747;0.64755;0.64876;0.63184;Beta;0.45488;0.57659;0.60538;0.58987;Gamma;0.47739;0.40521;0.38376
