Theta;5.9029e+06;1.0549e+07;1.266e+07;1.0144e+07
Basse;2.4325e+05;4.3345e+05;5.2207e+05;4.1656e+05
Haute;5.847e+05;1.0638e+06;1.2656e+06;1.0264e+06
THF;3.4492e+05;1.2606e+05;97011
Theta;2.0537e+06;3.6555e+06;4.3841e+06;3.5604e+06
Basse;6.8925e+05;1.2454e+06;1.4681e+06;1.2017e+06
Haute;3.7929e+05;6.8838e+05;8.2836e+05;6.7092e+05
THF;3.8914e+05;1.9269e+05;1.3319e+05
Theta;4.2042e+06;7.5961e+06;9.1431e+06;7.2473e+06
Basse;1.0322e+06;1.8531e+06;2.2174e+06;1.7679e+06
Haute;3.7468e+05;6.6858e+05;8.0262e+05;6.5144e+05
THF;3.3987e+05;1.8156e+05;1.1221e+05
Theta;2.4357e+06;4.3687e+06;5.2535e+06;4.2385e+06
Basse;9.2419e+05;1.6535e+06;2.0234e+06;1.594e+06
Haute;4.7623e+05;8.6356e+05;1.0201e+06;8.3223e+05
THF;3.1004e+05;1.9781e+05;1.5655e+05
Theta;3.7228e+06;6.6856e+06;8.0229e+06;6.3975e+06
Basse;1.0644e+06;1.9237e+06;2.3539e+06;1.8572e+06
Haute;4.1154e+05;7.4316e+05;8.9382e+05;7.2281e+05
THF;3.4312e+05;1.7688e+05;1.1354e+05
Theta;2.886e+06;5.14e+06;6.1e+06;4.9261e+06
Basse;1.2021e+06;2.1445e+06;2.6054e+06;2.0704e+06
Haute;4.2869e+05;7.6979e+05;9.3135e+05;7.5969e+05
THF;3.5964e+05;1.8633e+05;1.7026e+05
Theta;3.4104e+06;6.1268e+06;7.3449e+06;5.8746e+06
Basse;1.1585e+06;2.0637e+06;2.532e+06;1.9954e+06
Haute;4.6059e+05;8.3943e+05;9.9845e+05;8.106e+05
THF;3.4708e+05;2.5586e+05;2.3702e+05
Theta;3.3782e+06;6.0301e+06;7.2317e+06;5.8055e+06
Basse;1.0231e+06;1.8294e+06;2.2338e+06;1.7677e+06
Haute;4.3156e+05;7.7464e+05;9.2099e+05;7.5332e+05
THF;3.2187e+05;29303;1.9372e+05
Theta;3.085e+06;5.5476e+06;6.6696e+06;5.3149e+06
Basse;9.5205e+05;1.7188e+06;2.0707e+06;1.6533e+06
Haute;4.032e+05;7.2266e+05;8.7971e+05;7.0602e+05
THF;2.6421e+05;1.5953e+05;1.3206e+05
Theta;3.086e+06;5.5537e+06;6.7159e+06;5.3097e+06
Basse;9.6545e+05;1.7248e+06;2.0651e+06;1.6425e+06
Haute;4.0669e+05;7.269e+05;8.8165e+05;7.0784e+05
THF;2.6195e+05;1.5874e+05;1.2985e+05
Theta;3.0705e+06;5.5454e+06;6.7198e+06;5.3248e+06
Basse;9.7271e+05;1.7242e+06;2.0527e+06;1.6492e+06
Haute;4.0642e+05;7.2818e+05;8.84e+05;7.0513e+05
THF;2.6173e+05;1.5905e+05;1.3324e+05
Theta;3.0765e+06;5.5334e+06;6.7002e+06;5.3196e+06
Basse;9.7555e+05;1.7236e+06;2.052e+06;1.6411e+06
Haute;4.0735e+05;7.2723e+05;8.821e+05;7.0296e+05
THF;2.6175e+05;1.5904e+05;1.3124e+05
Theta;3.0709e+06;5.5408e+06;6.705e+06;5.317e+06
Basse;9.7911e+05;1.7213e+06;2.0524e+06;1.642e+06
Haute;4.0723e+05;7.2947e+05;8.8021e+05;7.0172e+05
THF;2.6176e+05;1.587e+05;1.313e+05
Theta;3.0715e+06;5.5423e+06;6.6921e+06;5.32e+06
Basse;9.7504e+05;1.7195e+06;2.0512e+06;1.6402e+06
Haute;4.0561e+05;7.2907e+05;8.8183e+05;7.0028e+05
THF;2.6102e+05;1.5936e+05;1.3132e+05
Theta;3.0759e+06;5.5375e+06;6.6816e+06;5.3094e+06
Basse;9.7607e+05;1.722e+06;2.0539e+06;1.6424e+06
Haute;4.0594e+05;7.2955e+05;8.7612e+05;6.9915e+05
THF;2.6086e+05;1.5932e+05;1.3426e+05
Theta;3.069e+06;5.544e+06;6.7034e+06;5.3114e+06
Basse;9.7647e+05;1.7256e+06;2.0496e+06;1.6433e+06
Haute;4.0591e+05;7.3099e+05;8.734e+05;7.0061e+05
THF;2.6094e+05;1.6107e+05;1.4012e+05
Theta;3.0643e+06;5.5223e+06;6.6901e+06;5.3111e+06
Basse;9.8863e+05;1.7388e+06;2.0595e+06;1.6427e+06
Haute;4.0019e+05;7.2835e+05;8.6921e+05;7.0152e+05
THF;2.6095e+05;1.6307e+05;1.3963e+05
Theta;3.0618e+06;5.5348e+06;6.6949e+06;5.3147e+06
Basse;9.8025e+05;1.7354e+06;2.0729e+06;1.6367e+06
Haute;4.0031e+05;7.2536e+05;8.7308e+05;6.9811e+05
THF;2.605e+05;1.6121e+05;1.3869e+05
Theta;3.0758e+06;5.5355e+06;6.6122e+06;5.3069e+06
Basse;9.6985e+05;1.7157e+06;2.0635e+06;1.6483e+06
Haute;4.0431e+05;7.2023e+05;8.7691e+05;6.9068e+05
THF;2.6152e+05;1.6319e+05;1.4004e+05
Theta;3.0863e+06;5.5304e+06;6.6462e+06;5.317e+06
Basse;9.6869e+05;1.7293e+06;2.0419e+06;1.6517e+06
Haute;4.0295e+05;7.1838e+05;8.7524e+05;6.9359e+05
THF;2.6067e+05;1.6134e+05;1.3943e+05
Theta;3.0895e+06;5.5396e+06;6.6461e+06;5.3218e+06
Basse;9.6621e+05;1.7333e+06;2.0462e+06;1.6543e+06
Haute;4.0285e+05;7.1763e+05;8.7569e+05;6.94e+05
THF;2.6059e+05;1.6102e+05;1.4041e+05
Theta;3.0924e+06;5.544e+06;6.6383e+06;5.3174e+06
Basse;9.6534e+05;1.7389e+06;2.0504e+06;1.6577e+06
Haute;4.0294e+05;7.159e+05;8.7684e+05;6.9414e+05
THF;2.6049e+05;1.6139e+05;1.4055e+05
Theta;3.1797e+06;5.6972e+06;6.6641e+06;5.2934e+06
Basse;9.7113e+05;1.7264e+06;2.0451e+06;1.6606e+06
Haute;4.2451e+05;7.4966e+05;8.7897e+05;6.9286e+05
THF;2.6042e+05;1.6313e+05;1.3952e+05
Theta;2.9978e+06;5.4409e+06;6.5756e+06;5.575e+06
Basse;1.0627e+06;1.9461e+06;2.0618e+06;1.7217e+06
Haute;4.525e+05;8.0786e+05;8.8813e+05;7.0592e+05
THF;2.7928e+05;1.6361e+05;1.4349e+05
Theta;1.686e+07;1.4746e+07;9.3533e+06;8.3013e+06
Basse;4.5712e+06;4.4057e+06;2.8857e+06;2.1913e+06
Haute;1.1207e+06;1.0983e+06;9.6711e+05;9.2634e+05
THF;5.046e+05;2.9607e+05;2.4271e+05
Theta;1.7974e+07;2.5771e+07;1.8558e+07;1.4818e+07
Basse;2.8687e+06;2.1523e+06;4.5507e+06;3.9615e+06
Haute;6.2933e+05;1.4787e+06;1.0024e+06;2.5127e+06
THF;7.2892e+05;7.4667e+05;3.6381e+05
Theta;2.3987e+07;2.3032e+07;2.0404e+07;1.6412e+07
Basse;2.7224e+06;3.1399e+06;3.1567e+06;3.9932e+06
Haute;6.5008e+05;1.9602e+06;7.6173e+05;2.4557e+06
THF;6.9932e+05;9.0016e+05;2.2339e+05
Theta;2.4055e+07;2.811e+07;2.0166e+07;2.4863e+07
Basse;3.8036e+06;7.6113e+06;3.5818e+06;9.2118e+06
Haute;7.881e+05;3.7754e+06;7.5355e+05;7.0101e+06
THF;1.2271e+06;1.2141e+06;3.9974e+05
Theta;2.4975e+07;3.0381e+07;2.251e+07;2.8403e+07
Basse;3.8268e+06;1.0918e+07;3.1218e+06;1.3666e+07
Haute;1.0801e+06;3.8792e+06;7.2234e+05;8.1762e+06
THF;1.6823e+06;1.3501e+06;1.1729e+06
Theta;2.2694e+07;3.0881e+07;2.0493e+07;2.7207e+07
Basse;4.1252e+06;9.7208e+06;3.7789e+06;1.4545e+07
Haute;1.651e+06;4.338e+06;8.7924e+05;8.0132e+06
THF;1.8179e+06;1.4949e+06;1.23e+06
Theta;2.3831e+07;3.0299e+07;1.9115e+07;2.7547e+07
Basse;4.904e+06;9.8828e+06;3.6065e+06;1.4661e+07
Haute;1.8856e+06;4.3195e+06;9.3709e+05;8.0812e+06
THF;1.8067e+06;1.502e+06;1.2501e+06
Theta;2.5982e+07;3.1408e+07;2.162e+07;2.7517e+07
Basse;4.679e+06;1.109e+07;3.3044e+06;1.7483e+07
Haute;1.8768e+06;4.7256e+06;1.0291e+06;9.7116e+06
THF;2.2384e+06;1.863e+06;1.7823e+06
Theta;2.3481e+07;3.2135e+07;2.0121e+07;2.6766e+07
Basse;4.0638e+06;1.1196e+07;3.221e+06;1.7944e+07
Haute;1.8164e+06;4.8036e+06;9.6934e+05;9.9268e+06
THF;2.2295e+06;1.9186e+06;1.7816e+06
Theta;3.6763e+07;2.8617e+07;2.4624e+07;3.7082e+07
Basse;3.87e+06;1.1462e+07;2.8886e+06;1.6756e+07
Haute;3.2124e+06;5.1187e+06;1.1112e+06;1.0203e+07
THF;2.4882e+06;2.0333e+06;1.7874e+06
Theta;5.3607e+06;1.6884e+07;5.8472e+06;1.8235e+07
Basse;3.1987e+06;1.2355e+07;3.1171e+06;1.6226e+07
Haute;2.0817e+06;4.0819e+06;1.5583e+06;8.2065e+06
THF;2.1079e+06;1.2568e+06;9.9799e+05
Theta;5.2155e+06;1.7132e+07;6.0974e+06;1.6876e+07
Basse;2.3476e+06;1.088e+07;2.0162e+06;1.5417e+07
Haute;1.6018e+06;3.9673e+06;1.0461e+06;8.2219e+06
THF;2.0023e+06;1.2639e+06;9.5008e+05
Theta;6.7376e+06;2.0937e+07;7.7787e+06;8.9238e+06
Basse;2.1461e+06;4.8992e+06;2.4178e+06;6.8878e+06
Haute;1.6899e+06;2.5459e+06;1.1996e+06;4.0586e+06
THF;1.3695e+06;1.1381e+06;9.5583e+05
Theta;1.1377e+07;1.9995e+07;1.0658e+07;6.7609e+06
Basse;2.9631e+06;5.033e+06;2.8396e+06;3.6748e+06
Haute;1.2499e+06;1.9875e+06;1.145e+06;2.4715e+06
THF;1.0928e+06;9.0793e+05;7.0515e+05
Theta;5.6503e+06;1.2415e+07;6.589e+06;6.746e+06
Basse;1.7443e+06;4.0249e+06;2.1071e+06;3.3e+06
Haute;5.7531e+05;1.783e+06;9.4358e+05;2.4889e+06
THF;7.6048e+05;6.3928e+05;5.1877e+05
Theta;4.5209e+06;1.4236e+07;6.8e+06;6.7924e+06
Basse;1.1699e+06;3.5059e+06;2.0459e+06;3.2477e+06
Haute;5.1102e+05;1.8497e+06;9.0887e+05;2.3988e+06
THF;7.4258e+05;6.2187e+05;4.808e+05
Theta;3.475e+06;1.148e+07;7.0293e+06;5.3036e+06
Basse;1.2655e+06;3.0145e+06;2.0377e+06;1.5821e+06
Haute;4.9619e+05;1.2336e+06;8.9729e+05;7.087e+05
THF;3.4235e+05;2.1363e+05;1.7408e+05
Theta;3.1585e+06;1.2079e+07;6.802e+06;4.9719e+06
Basse;1.2254e+06;2.7764e+06;2.0244e+06;1.6433e+06
Haute;4.6598e+05;1.1462e+06;9.0689e+05;6.9833e+05
THF;3.4554e+05;2.0211e+05;1.5098e+05
Theta;3.5557e+06;1.1932e+07;7.5493e+06;5.1352e+06
Basse;1.1168e+06;2.7915e+06;2.1065e+06;1.6209e+06
Haute;4.5251e+05;1.1271e+06;9.0369e+05;6.9294e+05
THF;3.2926e+05;1.983e+05;1.6963e+05
Theta;2.8818e+06;1.2486e+07;6.6678e+06;5.0399e+06
Basse;1.0363e+06;2.5519e+06;2.1254e+06;1.6147e+06
Haute;4.3363e+05;1.1474e+06;8.9843e+05;6.9222e+05
THF;3.3339e+05;2.0066e+05;1.6808e+05
Theta;4.0904e+06;9.5288e+06;7.6451e+06;5.319e+06
Basse;1.5714e+06;2.0807e+06;2.4332e+06;1.7445e+06
Haute;6.7269e+05;8.0242e+05;1.0522e+06;7.2281e+05
THF;3.0531e+05;1.983e+05;1.5744e+05
Theta;3.8352e+06;5.7653e+06;7.763e+06;5.354e+06
Basse;1.5439e+06;1.8839e+06;2.5718e+06;1.7042e+06
Haute;5.173e+05;7.7454e+05;9.571e+05;6.8857e+05
THF;2.9218e+05;2.1489e+05;1.5585e+05
Theta;5.6987e+06;6.1951e+06;8.3103e+06;5.1995e+06
Basse;1.7604e+06;1.9504e+06;2.5065e+06;1.6735e+06
Haute;7.4481e+05;8.3567e+05;1.0457e+06;7.0266e+05
THF;3.242e+05;1.8689e+05;1.7188e+05
Theta;7.0339e+06;6.8384e+06;9.8532e+06;5.3421e+06
Basse;1.4684e+06;1.8932e+06;2.4245e+06;1.7121e+06
Haute;7.8962e+05;8.6058e+05;1.2017e+06;7.0279e+05
THF;3.595e+05;2.0611e+05;1.9262e+05
Theta;4.6311e+06;6.0224e+06;8.3008e+06;5.4828e+06
Basse;1.2369e+06;1.8313e+06;2.4129e+06;1.7381e+06
Haute;8.4162e+05;9.0304e+05;1.3092e+06;7.4227e+05
THF;3.7156e+05;2.219e+05;1.9397e+05
Theta;7.3393e+06;7.13e+06;1.3149e+07;5.2264e+06
Basse;1.7808e+06;1.9822e+06;3.0992e+06;1.7517e+06
Haute;6.1002e+05;8.4486e+05;1.0038e+06;7.1958e+05
THF;3.378e+05;2.1537e+05;1.6127e+05
Theta;4.076e+06;8.4105e+06;1.6121e+07;1.0081e+07
Basse;2.8754e+06;2.6981e+06;4.2262e+06;2.9475e+06
Haute;6.6831e+05;1.3699e+06;1.418e+06;2.2171e+06
THF;7.4053e+05;7.1752e+05;4.2014e+05
Theta;4.2628e+06;7.6117e+06;1.6852e+07;8.5488e+06
Basse;2.2587e+06;2.8498e+06;3.6162e+06;3.416e+06
Haute;8.0508e+05;1.5603e+06;1.2624e+06;2.1337e+06
THF;7.5175e+05;6.9923e+05;4.0109e+05
Theta;5.3092e+06;7.7793e+06;1.7148e+07;9.3229e+06
Basse;1.9571e+06;2.7486e+06;3.2136e+06;3.4002e+06
Haute;8.7197e+05;1.5154e+06;1.3619e+06;2.1806e+06
THF;7.3646e+05;6.9907e+05;4.1055e+05
Theta;4.3969e+06;7.8083e+06;1.5679e+07;8.6256e+06
Basse;2.0593e+06;2.7356e+06;3.1083e+06;3.5445e+06
Haute;8.9945e+05;1.5297e+06;1.3203e+06;2.1409e+06
THF;7.1133e+05;6.9035e+05;4.0012e+05
Theta;4.1169e+06;7.9924e+06;1.5109e+07;8.3741e+06
Basse;1.9893e+06;2.7339e+06;2.9767e+06;3.4983e+06
Haute;9.2389e+05;1.5528e+06;1.3028e+06;2.1248e+06
THF;6.9882e+05;6.9587e+05;3.8566e+05
Theta;4.0041e+06;7.8742e+06;1.5649e+07;8.5041e+06
Basse;1.9798e+06;2.7362e+06;2.9923e+06;3.4637e+06
Haute;9.0083e+05;1.5379e+06;1.3203e+06;2.1072e+06
THF;7.1114e+05;6.7723e+05;3.8453e+05
Theta;5.1918e+06;7.9509e+06;1.4739e+07;8.4625e+06
Basse;2.1528e+06;2.7866e+06;3.1246e+06;3.4818e+06
Haute;8.6239e+05;1.5074e+06;1.2628e+06;2.1235e+06
THF;7.1562e+05;6.9401e+05;3.952e+05
Theta;5.3151e+06;8.4603e+06;1.8521e+07;9.0073e+06
Basse;1.7098e+06;3.6451e+06;3.3591e+06;4.986e+06
Haute;1.0608e+06;1.6854e+06;1.4295e+06;2.9593e+06
THF;9.8335e+05;1.1593e+06;5.7888e+05
Theta;6.9754e+06;8.5155e+06;1.0253e+07;9.9031e+06
Basse;9.7437e+05;3.6387e+06;2.2254e+06;5.1386e+06
Haute;1.9692e+06;1.7351e+06;1.6359e+06;2.9372e+06
THF;1.0351e+06;1.1863e+06;5.5418e+05
Theta;4.8874e+06;6.3316e+06;7.4876e+06;6.166e+06
Basse;1.4011e+06;3.7047e+06;2.2941e+06;3.9582e+06
Haute;1.3794e+06;1.5844e+06;1.6127e+06;2.0424e+06
THF;6.37e+05;4.621e+05;2.6233e+05
Theta;4.0769e+06;6.0586e+06;7.4854e+06;5.9091e+06
Basse;1.7484e+06;3.2615e+06;2.0866e+06;3.9848e+06
Haute;9.7618e+05;1.4813e+06;1.4661e+06;2.0386e+06
THF;5.7464e+05;4.6101e+05;2.385e+05
Theta;4.5697e+06;6.974e+06;9.3805e+06;5.4807e+06
Basse;1.3727e+06;3.0588e+06;1.7698e+06;4.41e+06
Haute;9.0174e+05;1.5051e+06;1.3477e+06;2.0359e+06
THF;5.8045e+05;4.4739e+05;2.459e+05
Theta;4.0679e+06;5.9552e+06;8.0829e+06;7.806e+06
Basse;1.7744e+06;2.8978e+06;1.5846e+06;4.3585e+06
Haute;9.6157e+05;1.4283e+06;1.1353e+06;2.2966e+06
THF;6.4418e+05;4.8841e+05;2.588e+05
Theta;4.5302e+06;5.8161e+06;1.0975e+07;1.1341e+07
Basse;4.2084e+06;2.905e+06;1.3448e+06;4.6619e+06
Haute;1.6341e+06;1.5606e+06;1.1586e+06;2.5901e+06
THF;7.1025e+05;4.9801e+05;3.0632e+05
Theta;9.3163e+06;5.9358e+06;9.0624e+06;1.0407e+07
Basse;3.9684e+06;2.8766e+06;1.5489e+06;4.6229e+06
Haute;2.3152e+06;1.5847e+06;1.367e+06;2.6763e+06
THF;7.5917e+05;5.7445e+05;2.9703e+05
Theta;9.9777e+06;6.2159e+06;9.8038e+06;9.8055e+06
Basse;3.5947e+06;2.514e+06;1.8399e+06;4.5217e+06
Haute;2.2851e+06;1.5975e+06;1.3044e+06;2.6471e+06
THF;7.5966e+05;6.0339e+05;3.0666e+05
Theta;9.9334e+06;5.7326e+06;8.0481e+06;9.1766e+06
Basse;3.652e+06;2.1314e+06;2.1251e+06;2.5488e+06
Haute;2.3157e+06;1.1687e+06;1.3577e+06;1.5796e+06
THF;4.7431e+05;3.0736e+05;2.0109e+05
Theta;1.0752e+07;5.7716e+06;1.1e+07;9.7368e+06
Basse;3.4199e+06;2.0686e+06;1.9338e+06;2.5508e+06
Haute;2.3365e+06;1.1585e+06;1.3863e+06;1.5743e+06
THF;4.9279e+05;3.1839e+05;2.1772e+05
Theta;9.1427e+06;5.7026e+06;7.5519e+06;9.4074e+06
Basse;3.3236e+06;1.6861e+06;1.7973e+06;2.5127e+06
Haute;2.0724e+06;1.0601e+06;1.024e+06;1.5115e+06
THF;4.6839e+05;3.24e+05;2.0249e+05
Theta;9.539e+06;5.3813e+06;6.8453e+06;9.083e+06
Basse;3.8372e+06;1.7206e+06;2.1237e+06;2.6071e+06
Haute;2.0836e+06;9.8355e+05;8.9437e+05;1.4714e+06
THF;4.4996e+05;3.1729e+05;2.4303e+05
Theta;1.0256e+07;5.3436e+06;6.1999e+06;1.0094e+07
Basse;3.1815e+06;1.757e+06;2.12e+06;2.335e+06
Haute;2.0669e+06;9.5491e+05;8.5705e+05;1.6438e+06
THF;4.4607e+05;3.0857e+05;2.1376e+05
Theta;1.0707e+07;5.9265e+06;8.5724e+06;7.3904e+06
Basse;2.8704e+06;1.8727e+06;2.3723e+06;2.1487e+06
Haute;1.9051e+06;1.0019e+06;1.1099e+06;1.1837e+06
THF;3.6688e+05;2.7108e+05;1.9465e+05
Theta;9.7892e+06;6.7038e+06;8.5557e+06;5.4591e+06
Basse;2.871e+06;2.2309e+06;2.8111e+06;1.8627e+06
Haute;1.2767e+06;8.9e+05;1.1103e+06;7.7132e+05
THF;3.7903e+05;3.1226e+05;1.8145e+05
Theta;6.6205e+06;6.2275e+06;8.2672e+06;5.2925e+06
Basse;3.5446e+06;2.199e+06;2.8547e+06;1.7408e+06
Haute;1.8628e+06;9.0216e+05;1.0215e+06;6.7599e+05
THF;5.2605e+05;3.6699e+05;2.7387e+05
Theta;7.1313e+06;6.241e+06;8.3569e+06;5.2558e+06
Basse;3.8733e+06;2.0592e+06;3.1021e+06;1.7878e+06
Haute;1.7977e+06;8.8521e+05;9.9481e+05;6.7727e+05
THF;4.9934e+05;3.6981e+05;2.5203e+05
Theta;7.3705e+06;6.3045e+06;8.3879e+06;5.2918e+06
Basse;3.8966e+06;2.0327e+06;3.4532e+06;1.7374e+06
Haute;1.8371e+06;9.1724e+05;1.2199e+06;6.7814e+05
THF;5.3268e+05;3.8869e+05;2.6267e+05
Theta;7.9528e+06;6.3965e+06;7.8168e+06;5.1862e+06
Basse;4.0325e+06;2.0801e+06;3.55e+06;1.7337e+06
Haute;1.943e+06;9.3987e+05;1.1659e+06;6.7281e+05
THF;5.299e+05;3.899e+05;2.7369e+05
Theta;8.8499e+06;6.9954e+06;8.311e+06;5.2694e+06
Basse;5.2592e+06;2.3157e+06;3.8442e+06;1.7367e+06
Haute;2.635e+06;1.0683e+06;1.2613e+06;6.8631e+05
THF;5.9945e+05;4.3546e+05;2.7652e+05
Theta;1.3269e+07;9.1503e+06;1.1673e+07;6.1095e+06
Basse;7.6581e+06;4.1688e+06;6.7352e+06;2.4403e+06
Haute;7.0851e+06;1.3332e+06;2.8362e+06;9.1164e+05
THF;1.0363e+06;5.2339e+05;3.3377e+05
Theta;1.0699e+07;9.4014e+06;1.2409e+07;6.4458e+06
Basse;7.9025e+06;3.597e+06;6.003e+06;2.223e+06
Haute;7.3866e+06;1.4813e+06;3.0791e+06;9.652e+05
THF;1.0416e+06;5.2274e+05;3.3007e+05
Theta;1.0978e+07;9.0182e+06;1.1361e+07;6.4116e+06
Basse;7.5694e+06;3.5842e+06;5.4214e+06;2.2141e+06
Haute;7.1869e+06;1.374e+06;2.9289e+06;9.8798e+05
THF;1.0321e+06;5.0849e+05;3.3818e+05
Theta;1.1237e+07;8.8203e+06;1.0928e+07;6.3719e+06
Basse;7.1396e+06;3.5019e+06;5.2793e+06;2.1626e+06
Haute;7.3644e+06;1.3753e+06;2.9909e+06;9.9508e+05
THF;1.0201e+06;4.6594e+05;3.0641e+05
Theta;9.4353e+06;8.8632e+06;1.1529e+07;6.241e+06
Basse;5.2649e+06;3.457e+06;5.087e+06;2.1198e+06
Haute;6.15e+06;1.391e+06;3.1121e+06;1.0026e+06
THF;8.4931e+05;3.4496e+05;2.4183e+05
Theta;8.7761e+06;8.9172e+06;1.1209e+07;6.2129e+06
Basse;5.1659e+06;3.4276e+06;4.9189e+06;2.1252e+06
Haute;6.031e+06;1.3646e+06;3.0065e+06;1.0052e+06
THF;8.3386e+05;3.3948e+05;2.3812e+05
Theta;8.5734e+06;9.0451e+06;1.2185e+07;6.1978e+06
Basse;4.8782e+06;3.3407e+06;4.0289e+06;2.1009e+06
Haute;5.9747e+06;1.3588e+06;3.0386e+06;1.0097e+06
THF;8.0087e+05;3.035e+05;2.2995e+05
Theta;8.0977e+06;9.1645e+06;1.2477e+07;6.2711e+06
Basse;5.2838e+06;3.3282e+06;4.3471e+06;2.1067e+06
Haute;5.8441e+06;1.363e+06;3.0429e+06;1.0014e+06
THF;7.9099e+05;2.9712e+05;2.3402e+05
Theta;7.7558e+06;9.6521e+06;1.346e+07;6.3618e+06
Basse;3.1348e+06;3.5828e+06;4.6727e+06;2.1713e+06
Haute;5.8935e+06;1.3195e+06;2.5108e+06;9.8125e+05
THF;6.9439e+05;3.3715e+05;2.273e+05
Theta;4.2378e+06;6.1354e+06;1.1123e+07;5.9901e+06
Basse;2.4815e+06;2.218e+06;2.6156e+06;1.5947e+06
Haute;6.8001e+05;8.2799e+05;1.0238e+06;7.4265e+05
THF;3.0487e+05;2.7888e+05;1.8484e+05
Theta;4.9089e+06;6.0951e+06;1.0483e+07;5.3907e+06
Basse;1.6871e+06;2.1415e+06;1.8813e+06;1.6012e+06
Haute;5.5168e+05;8.0625e+05;9.9551e+05;7.217e+05
THF;2.911e+05;2.1421e+05;1.6047e+05
Theta;4.5555e+06;5.8574e+06;1.0872e+07;5.8635e+06
Basse;2.0273e+06;2.085e+06;2.424e+06;1.6879e+06
Haute;6.5624e+05;7.861e+05;1.2086e+06;7.2314e+05
THF;3.1193e+05;2.2498e+05;1.6548e+05
Theta;6.3055e+06;6.1222e+06;1.355e+07;6.1386e+06
Basse;2.3923e+06;2.0925e+06;2.8296e+06;1.7338e+06
Haute;7.8667e+05;7.3596e+05;1.2513e+06;7.2147e+05
THF;3.3839e+05;2.5642e+05;1.8581e+05
Theta;5.9103e+06;6.489e+06;1.2935e+07;5.9794e+06
Basse;2.481e+06;2.2905e+06;2.9476e+06;1.7566e+06
Haute;8.4954e+05;7.3993e+05;1.3078e+06;7.3276e+05
THF;3.5445e+05;2.6678e+05;1.9707e+05
Theta;1.2754e+07;6.2833e+06;1.3652e+07;5.8926e+06
Basse;5.5355e+06;2.1479e+06;3.6848e+06;1.8285e+06
Haute;1.7759e+06;7.8868e+05;1.3598e+06;7.4265e+05
THF;5.7033e+05;5.1874e+05;3.8061e+05
Theta;2.4257e+07;1.1853e+07;2.2234e+07;7.1568e+06
Basse;7.4599e+06;5.4147e+06;4.8219e+06;1.9238e+06
Haute;4.7155e+06;3.5312e+06;5.078e+06;7.943e+05
THF;2.4939e+06;2.8004e+06;9.8843e+05
Theta;2.9675e+07;1.3578e+07;1.9095e+07;6.4682e+06
Basse;9.4682e+06;5.5377e+06;5.1162e+06;2.0621e+06
Haute;5.0025e+06;4.1551e+06;5.6318e+06;8.7177e+05
THF;3.8709e+06;2.9288e+06;9.0846e+05
Theta;2.7395e+07;1.3244e+07;2.9431e+07;7.0064e+06
Basse;8.366e+06;5.1571e+06;4.5943e+06;1.9748e+06
Haute;6.2827e+06;4.5017e+06;5.4247e+06;8.3397e+05
THF;4.0281e+06;3.0187e+06;8.9563e+05
Theta;3.0397e+07;1.3724e+07;1.9429e+07;7.2683e+06
Basse;6.6285e+06;5.0065e+06;4.4059e+06;2.1469e+06
Haute;5.9557e+06;4.5644e+06;5.7133e+06;8.1239e+05
THF;4.0212e+06;2.9115e+06;9.0823e+05
Theta;2.862e+07;1.3037e+07;2.1321e+07;6.217e+06
Basse;6.7767e+06;4.7575e+06;4.1278e+06;2.0706e+06
Haute;6.005e+06;4.3702e+06;5.4069e+06;7.7841e+05
THF;3.9756e+06;2.8873e+06;8.9826e+05
Theta;2.8568e+07;1.284e+07;2.0187e+07;6.7531e+06
Basse;6.6364e+06;4.778e+06;4.0175e+06;1.9271e+06
Haute;5.927e+06;4.3647e+06;5.1969e+06;8.0481e+05
THF;3.9596e+06;2.8746e+06;9.0069e+05
Theta;2.7595e+07;1.2692e+07;1.8171e+07;7.0704e+06
Basse;6.4336e+06;4.8255e+06;3.7419e+06;1.9172e+06
Haute;5.8166e+06;4.3796e+06;5.1889e+06;8.3648e+05
THF;3.8706e+06;2.8507e+06;8.8518e+05
Theta;3.2284e+07;1.442e+07;1.5651e+07;7.379e+06
Basse;6.0919e+06;5.004e+06;3.9977e+06;1.9944e+06
Haute;6.0116e+06;4.3491e+06;5.1469e+06;8.4142e+05
THF;3.813e+06;2.8088e+06;9.0456e+05
Theta;1.2599e+07;1.0459e+07;2.5691e+07;1.0036e+07
Basse;5.2748e+06;4.5412e+06;4.1826e+06;1.9529e+06
Haute;6.3459e+06;4.2652e+06;6.4279e+06;9.7522e+05
THF;3.7122e+06;2.5614e+06;1.0923e+06
Theta;2.4109e+07;6.05e+06;9.4763e+06;6.5774e+06
Basse;7.407e+06;2.2721e+06;6.2585e+06;3.2507e+06
Haute;8.9506e+06;1.3123e+06;4.3233e+06;1.4535e+06
THF;2.8236e+06;8.8705e+05;6.4758e+05
Theta;3.9154e+07;1.7014e+07;7.287e+07;1.7981e+07
Basse;6.3351e+07;6.2546e+06;4.3076e+06;5.9964e+06
Haute;2.4484e+07;2.0927e+06;2.7634e+06;3.9932e+06
THF;1.5221e+06;8.198e+05;6.7833e+05
Theta;3.7236e+07;1.3006e+07;4.5484e+07;1.7614e+07
Basse;5.0504e+07;7.1325e+06;7.803e+06;4.5797e+06
Haute;2.9284e+07;2.3266e+06;3.8146e+06;4.2948e+06
THF;1.6597e+06;9.8117e+05;7.3951e+05
Theta;4.0267e+07;1.3912e+07;4.9791e+07;1.6767e+07
Basse;4.8445e+07;7.8104e+06;9.769e+06;4.6335e+06
Haute;2.9055e+07;2.1968e+06;3.4584e+06;4.4248e+06
THF;1.5484e+06;9.9691e+05;8.2154e+05
Theta;6.3958e+07;1.5419e+07;7.8747e+07;1.8449e+07
Basse;4.6763e+07;8.0946e+06;8.2721e+06;4.5753e+06
Haute;3.2635e+07;2.3261e+06;5.0492e+06;4.3081e+06
THF;1.7404e+06;1.1878e+06;7.5752e+05
Theta;7.4466e+07;1.7573e+07;1.6135e+08;2.1497e+07
Basse;4.9288e+07;9.3474e+06;2.6624e+07;9.2676e+06
Haute;3.2666e+07;3.2049e+06;1.0581e+07;7.2233e+06
THF;2.8249e+06;2.4966e+06;1.153e+06
Theta;7.3398e+07;1.7267e+07;1.6763e+08;2.9368e+07
Basse;5.2468e+07;9.7431e+06;2.8227e+07;2.5829e+07
Haute;3.2902e+07;3.3206e+06;1.1572e+07;1.359e+07
THF;3.3205e+06;3.3664e+06;1.5154e+06
Theta;7.1879e+07;1.7071e+07;1.6758e+08;3.1896e+07
Basse;5.2117e+07;1.0133e+07;2.9404e+07;2.6442e+07
Haute;3.283e+07;3.3825e+06;1.1626e+07;1.1183e+07
THF;3.3761e+06;3.4182e+06;1.4115e+06
Theta;9.2488e+07;1.5593e+07;1.5649e+08;2.7324e+07
Basse;4.6682e+07;1.0638e+07;3.0363e+07;2.6945e+07
Haute;3.3326e+07;3.5829e+06;1.1546e+07;1.1225e+07
THF;3.4346e+06;3.4032e+06;1.4296e+06
Theta;5.412e+07;2.0252e+07;1.7216e+08;3.429e+07
Basse;1.208e+07;1.0221e+07;3.3284e+07;3.1357e+07
Haute;1.4807e+07;3.5407e+06;1.5089e+07;9.582e+06
THF;4.6582e+06;3.7025e+06;1.8091e+06
Theta;4.7956e+07;1.0346e+07;1.2476e+08;2.6719e+07
Basse;1.5009e+07;6.6848e+06;2.9047e+07;2.58e+07
Haute;8.3849e+06;2.7373e+06;1.0688e+07;8.0971e+06
THF;3.1848e+06;3.3422e+06;1.2496e+06
Theta;3.5588e+07;1.1961e+07;1.106e+08;2.5722e+07
Basse;3.1201e+07;6.9195e+06;3.6534e+07;2.606e+07
Haute;7.6142e+06;2.9454e+06;9.2266e+06;8.2651e+06
THF;2.9807e+06;3.7057e+06;1.2472e+06
Theta;3.3023e+07;1.4578e+07;9.2312e+07;3.1724e+07
Basse;2.3837e+07;7.7292e+06;3.5718e+07;2.702e+07
Haute;9.4852e+06;3.0424e+06;1.0602e+07;8.7627e+06
THF;3.0698e+06;3.7202e+06;1.0118e+06
Theta;3.4451e+07;1.3173e+07;4.7021e+07;3.1341e+07
Basse;2.4996e+07;7.2578e+06;4.1264e+07;2.7628e+07
Haute;8.1789e+06;2.8568e+06;1.6321e+07;8.4274e+06
THF;3.2095e+06;3.7302e+06;1.1836e+06
Theta;3.9097e+07;1.2396e+07;1.6461e+07;2.621e+07
Basse;2.5805e+07;5.7138e+06;1.1272e+07;2.4259e+07
Haute;8.3317e+06;2.3135e+06;4.1323e+06;5.6697e+06
THF;2.9107e+06;1.5595e+06;6.0651e+05
Theta;3.6112e+07;1.2037e+07;1.2099e+07;1.4581e+07
Basse;2.5439e+07;5.24e+06;1.1049e+07;6.1965e+06
Haute;9.0898e+06;2.0622e+06;2.7642e+06;3.319e+06
THF;2.3838e+06;1.074e+06;3.6734e+05
Theta;4.1201e+07;1.2608e+07;1.0449e+07;1.419e+07
Basse;2.6685e+07;4.519e+06;9.0831e+06;4.0372e+06
Haute;8.6415e+06;2.1482e+06;2.5055e+06;2.6682e+06
THF;2.1772e+06;9.5174e+05;3.1064e+05
Theta;4.6007e+07;1.3028e+07;1.0932e+07;1.5106e+07
Basse;2.5405e+07;4.1525e+06;7.9642e+06;4.1185e+06
Haute;8.6752e+06;2.0267e+06;2.284e+06;2.6011e+06
THF;2.0987e+06;9.0261e+05;2.982e+05
Theta;2.4236e+07;1.1287e+07;1.0952e+07;1.3466e+07
Basse;1.9335e+07;4.2512e+06;7.0952e+06;3.6777e+06
Haute;8.7262e+06;1.5923e+06;2.0809e+06;1.6002e+06
THF;1.8871e+06;7.423e+05;2.3514e+05
Theta;2.4131e+07;1.0479e+07;1.0515e+07;1.1483e+07
Basse;1.5159e+07;3.4911e+06;6.1968e+06;3.5886e+06
Haute;6.3178e+06;1.6265e+06;1.7595e+06;1.5455e+06
THF;1.5946e+06;4.9921e+05;2.6281e+05
Theta;1.6149e+07;8.1449e+06;1.1542e+07;8.5737e+06
Basse;7.36e+06;2.6239e+06;3.7587e+06;4.1341e+06
Haute;3.3811e+06;1.5076e+06;1.1686e+06;1.237e+06
THF;1.3643e+06;3.7743e+05;1.8036e+05
Theta;1.2185e+07;5.4862e+06;5.4777e+06;6.6816e+06
Basse;7.54e+06;2.1937e+06;4.5115e+06;2.1082e+06
Haute;3.0012e+06;1.2221e+06;1.3155e+06;7.8684e+05
THF;1.2472e+06;3.0465e+05;1.29e+05
Theta;8.1746e+06;4.9039e+06;5.249e+06;6.1046e+06
Basse;5.4269e+06;2.4953e+06;1.4916e+06;2.1418e+06
Haute;3.1917e+06;1.025e+06;7.9107e+05;7.7575e+05
THF;3.5937e+05;2.0242e+05;1.4052e+05
Theta;6.7258e+06;6.1191e+06;7.116e+06;5.5253e+06
Basse;1.903e+06;2.0473e+06;2.6908e+06;1.9235e+06
Haute;1.6343e+06;8.8384e+05;1.0242e+06;7.7421e+05
THF;5.2687e+05;2.678e+05;2.3858e+05
Theta;2.873e+07;8.6573e+06;1.3285e+07;5.5304e+06
Basse;4.5057e+06;3.1741e+06;3.8653e+06;2.1399e+06
Haute;2.4593e+06;1.4707e+06;1.7799e+06;8.8771e+05
THF;8.2561e+05;3.22e+05;4.0042e+05
Theta;1.6506e+07;7.6866e+06;8.4861e+06;5.7163e+06
Basse;5.6883e+06;3.0601e+06;4.4021e+06;2.2093e+06
Haute;2.6907e+06;1.4003e+06;1.3478e+06;8.8963e+05
THF;6.7585e+05;3.9384e+05;3.9776e+05
Theta;1.6891e+07;7.8581e+06;8.8462e+06;5.0245e+06
Basse;5.8826e+06;3.0772e+06;4.2451e+06;2.2788e+06
Haute;2.4743e+06;1.4351e+06;1.376e+06;8.5514e+05
THF;6.6588e+05;4.0688e+05;3.6089e+05
Theta;1.7675e+07;8.0214e+06;9.2687e+06;5.2873e+06
Basse;5.8875e+06;3.1097e+06;4.4393e+06;2.2837e+06
Haute;2.4891e+06;1.4391e+06;1.3619e+06;8.6318e+05
THF;6.6328e+05;4.0708e+05;3.5602e+05
Theta;1.7297e+07;7.8801e+06;8.696e+06;5.0514e+06
Basse;5.8838e+06;3.1838e+06;4.5419e+06;2.2725e+06
Haute;2.481e+06;1.4414e+06;1.3831e+06;8.6477e+05
THF;6.7098e+05;4.07e+05;3.6137e+05
Theta;1.9475e+07;8.1469e+06;1.0121e+07;5.3232e+06
Basse;6.1515e+06;3.0648e+06;4.5243e+06;2.28e+06
Haute;2.5321e+06;1.4302e+06;1.3766e+06;8.6139e+05
THF;7.0098e+05;4.1787e+05;3.8747e+05
Theta;1.9275e+07;8.1503e+06;8.9195e+06;5.4343e+06
Basse;5.8463e+06;3.2523e+06;4.1016e+06;2.2727e+06
Haute;2.6039e+06;1.4709e+06;1.5062e+06;8.9248e+05
THF;6.7798e+05;4.0839e+05;3.4893e+05
Theta;2.6158e+07;8.3695e+06;8.1753e+06;7.2567e+06
Basse;5.98e+06;3.326e+06;7.5583e+06;2.0065e+06
Haute;2.9292e+06;1.6978e+06;3.1031e+06;9.3212e+05
THF;9.5871e+05;9.6762e+05;2.3052e+05
Theta;2.1852e+07;7.3973e+06;7.3065e+06;6.9019e+06
Basse;5.5222e+06;3.3991e+06;5.1985e+06;2.0943e+06
Haute;2.1713e+06;1.6389e+06;3.1462e+06;8.5552e+05
THF;1.1931e+06;6.3137e+05;1.763e+05
Theta;6.5766e+06;7.2206e+06;6.3459e+06;7.5725e+06
Basse;4.1026e+06;2.5694e+06;3.7739e+06;1.6968e+06
Haute;1.3962e+06;1.2506e+06;2.8906e+06;7.4295e+05
THF;1.1151e+06;4.95e+05;2.1924e+05
Theta;4.1385e+06;6.5556e+06;5.0819e+06;6.9689e+06
Basse;1.2913e+06;2.3852e+06;3.0467e+06;1.6742e+06
Haute;7.249e+05;1.1049e+06;2.6283e+06;7.4853e+05
THF;1.0236e+06;4.4488e+05;1.5648e+05
Theta;4.0876e+06;6.2304e+06;4.9545e+06;7.4429e+06
Basse;1.1372e+06;2.2693e+06;3.0622e+06;1.6163e+06
Haute;7.0707e+05;1.0863e+06;2.6409e+06;7.2569e+05
THF;1.004e+06;4.295e+05;1.4556e+05
Theta;3.7976e+06;6.0104e+06;4.9374e+06;6.9299e+06
Basse;1.0908e+06;2.3183e+06;3.2049e+06;1.6747e+06
Haute;7.2509e+05;1.0598e+06;2.5843e+06;7.1055e+05
THF;1.0139e+06;4.3195e+05;1.4365e+05
Theta;3.9234e+06;6.2419e+06;5.4329e+06;7.1244e+06
Basse;1.2332e+06;2.2787e+06;3.366e+06;1.7241e+06
Haute;7.3184e+05;1.065e+06;2.6477e+06;7.2701e+05
THF;1.0299e+06;4.4373e+05;1.5149e+05
Theta;5.1301e+06;6.4172e+06;4.7519e+06;7.4765e+06
Basse;2.4626e+06;2.2711e+06;3.536e+06;1.6994e+06
Haute;1.0569e+06;1.0612e+06;2.4898e+06;7.0419e+05
THF;1.0175e+06;4.6243e+05;1.7771e+05
Theta;5.562e+06;6.1659e+06;6.1125e+06;1.2466e+07
Basse;5.6053e+06;2.746e+06;9.0477e+06;3.816e+06
Haute;6.0355e+06;1.4853e+06;5.0114e+06;1.1397e+06
THF;1.8145e+06;1.0426e+06;8.3425e+05
Theta;2.4714e+07;8.0196e+06;1.118e+07;1.0901e+07
Basse;3.3915e+07;5.6478e+06;8.6217e+06;5.1023e+06
Haute;1.5612e+07;2.5955e+06;2.0452e+06;1.4788e+06
THF;2.4069e+06;9.826e+05;1.1225e+06
Theta;2.0067e+07;7.2882e+06;1.1475e+07;1.032e+07
Basse;4.4945e+07;6.3277e+06;9.908e+06;5.3294e+06
Haute;1.5436e+07;2.6454e+06;1.6493e+06;1.2613e+06
THF;1.9702e+06;9.533e+05;1.1063e+06
Theta;2.2856e+07;7.2712e+06;1.2913e+07;9.3269e+06
Basse;4.5024e+07;6.3502e+06;1.0122e+07;5.2717e+06
Haute;1.5441e+07;2.7019e+06;1.7268e+06;1.2139e+06
THF;1.9624e+06;9.5917e+05;1.1287e+06
Theta;2.0474e+07;7.0186e+06;1.2039e+07;9.7179e+06
Basse;4.4734e+07;6.4203e+06;1.0181e+07;5.3448e+06
Haute;1.5549e+07;2.7008e+06;1.7405e+06;1.2325e+06
THF;1.9531e+06;9.6714e+05;1.1175e+06
Theta;2.0527e+07;7.0798e+06;1.1983e+07;9.3128e+06
Basse;4.4488e+07;6.445e+06;1.0184e+07;5.3517e+06
Haute;1.5495e+07;2.6861e+06;1.7223e+06;1.2047e+06
THF;1.9482e+06;9.6588e+05;1.1222e+06
Theta;2.1033e+07;7.1605e+06;1.2283e+07;9.5779e+06
Basse;4.4455e+07;6.4934e+06;1.0173e+07;5.2572e+06
Haute;1.5524e+07;2.6828e+06;1.7666e+06;1.1957e+06
THF;1.9488e+06;9.68e+05;1.1191e+06
Theta;2.0997e+07;6.9795e+06;1.4513e+07;1.0064e+07
Basse;4.5982e+07;6.5176e+06;1.071e+07;4.9815e+06
Haute;1.6812e+07;2.708e+06;1.7057e+06;1.3167e+06
THF;2.0218e+06;1.0177e+06;1.1605e+06
Theta;2.1685e+07;9.2586e+06;1.0168e+07;8.2839e+06
Basse;4.9e+07;5.6591e+06;9.2868e+06;6.1335e+06
Haute;1.4008e+07;3.2237e+06;2.074e+06;1.1681e+06
THF;2.2354e+06;9.0942e+05;1.3714e+06
Theta;3.9634e+07;9.3175e+06;7.9836e+06;7.2602e+06
Basse;3.5625e+07;5.1953e+06;4.0055e+06;2.2548e+06
Haute;8.4885e+06;3.2513e+06;4.3519e+06;6.2886e+05
THF;1.7051e+06;8.63e+05;6.3095e+05
Theta;2.1728e+07;1.4834e+07;1.2262e+07;4.9225e+06
Basse;5.3604e+06;3.1569e+06;2.9193e+06;2.615e+06
Haute;2.1866e+06;1.1143e+06;1.8941e+06;5.3641e+05
THF;6.6985e+05;4.2174e+05;2.6704e+05
Theta;5.2308e+06;1.0532e+07;7.8172e+06;5.6579e+06
Basse;5.0326e+06;2.6232e+06;3.0009e+06;2.1759e+06
Haute;1.5316e+06;1.0211e+06;1.1679e+06;7.4462e+05
THF;4.3753e+05;2.6242e+05;1.5128e+05
Theta;4.446e+06;1.0809e+07;7.7379e+06;7.4139e+06
Basse;4.5392e+06;2.3995e+06;2.8827e+06;2.7051e+06
Haute;1.4851e+06;9.7328e+05;1.1583e+06;9.4388e+05
THF;4.4027e+05;2.6282e+05;1.7365e+05
Theta;4.7911e+06;1.062e+07;7.572e+06;7.2499e+06
Basse;4.4304e+06;2.4092e+06;2.7768e+06;2.7369e+06
Haute;1.3935e+06;9.6843e+05;1.1464e+06;9.468e+05
THF;4.3852e+05;2.5783e+05;1.7551e+05
Theta;5.5791e+06;1.0915e+07;8.6991e+06;7.4933e+06
Basse;4.5969e+06;2.4672e+06;2.7885e+06;2.783e+06
Haute;1.5625e+06;9.9894e+05;1.2618e+06;9.6819e+05
THF;4.4691e+05;2.5929e+05;1.7864e+05
Theta;4.6658e+06;1.0041e+07;7.2947e+06;7.0858e+06
Basse;5.7837e+06;2.4925e+06;3.0157e+06;2.9241e+06
Haute;1.4223e+06;9.6742e+05;1.1428e+06;9.4498e+05
THF;4.7861e+05;2.8438e+05;1.9678e+05
Theta;8.2827e+06;1.1862e+07;8.4165e+06;7.3984e+06
Basse;1.2361e+07;2.3736e+06;3.1386e+06;2.7392e+06
Haute;4.4584e+06;1.0968e+06;1.1611e+06;1.1315e+06
THF;1.0604e+06;6.8838e+05;4.5119e+05
Theta;3.174e+07;1.0472e+07;2.6366e+07;1.0119e+07
Basse;4.9365e+07;5.787e+06;6.1253e+06;6.6211e+06
Haute;1.6229e+07;3.7771e+06;7.3621e+06;6.2802e+06
THF;3.4593e+06;2.7297e+06;1.2264e+06
Theta;2.1732e+07;1.1564e+07;1.1441e+07;8.9407e+06
Basse;3.1447e+07;8.6001e+06;8.6719e+06;1.2104e+07
Haute;2.1098e+07;3.3555e+06;4.8941e+06;6.1245e+06
THF;3.7753e+06;2.5561e+06;1.4241e+06
Theta;2.4033e+07;1.0595e+07;1.304e+07;9.9699e+06
Basse;3.2231e+07;7.9327e+06;9.7895e+06;1.2218e+07
Haute;2.0545e+07;3.6481e+06;4.8624e+06;6.4099e+06
THF;3.8172e+06;2.5216e+06;1.4465e+06
Theta;2.5047e+07;1.1324e+07;1.4894e+07;8.0419e+06
Basse;3.2972e+07;8.9167e+06;1.0766e+07;1.2231e+07
Haute;2.0387e+07;3.6994e+06;5.0671e+06;6.2273e+06
THF;3.8715e+06;2.5996e+06;1.487e+06
Theta;2.8575e+07;1.3356e+07;1.9113e+07;6.4736e+06
Basse;3.4132e+07;9.0132e+06;1.2e+07;1.249e+07
Haute;2.092e+07;6.2395e+06;5.7664e+06;1.3352e+07
THF;5.1165e+06;3.4115e+06;1.5612e+06
Theta;2.7148e+07;1.3378e+07;1.808e+07;6.334e+06
Basse;3.4555e+07;9.1118e+06;1.2587e+07;1.2621e+07
Haute;2.1074e+07;6.3302e+06;5.7731e+06;1.355e+07
THF;5.1171e+06;3.3973e+06;1.5629e+06
Theta;2.7771e+07;1.2671e+07;1.8136e+07;6.2392e+06
Basse;3.456e+07;9.2741e+06;1.2687e+07;1.263e+07
Haute;2.0629e+07;6.2979e+06;5.8112e+06;1.3551e+07
THF;5.1212e+06;3.4238e+06;1.5746e+06
Theta;2.8446e+07;1.3819e+07;1.776e+07;6.3016e+06
Basse;3.3175e+07;9.5061e+06;1.3154e+07;1.2642e+07
Haute;2.1679e+07;6.2796e+06;5.8899e+06;1.3637e+07
THF;5.1183e+06;3.4804e+06;1.5442e+06
Theta;3.1736e+07;1.2285e+07;1.5459e+07;5.5548e+06
Basse;2.9743e+07;8.8002e+06;1.1347e+07;1.1554e+07
Haute;1.4802e+07;6.6723e+06;5.4146e+06;1.3829e+07
THF;4.5695e+06;3.7067e+06;1.2255e+06
Theta;2.1888e+07;9.8724e+06;2.0483e+07;8.1539e+06
Basse;7.7232e+06;4.5271e+06;5.1397e+06;4.3355e+06
Haute;1.7151e+06;4.564e+06;1.8443e+06;9.1775e+06
THF;1.9453e+06;1.5052e+06;3.8653e+05
Theta;9.4158e+06;7.5059e+06;1.3178e+07;4.9661e+06
Basse;3.4634e+06;2.5758e+06;4.0081e+06;2.0034e+06
Haute;1.3142e+06;3.7543e+06;1.7311e+06;8.3671e+06
THF;1.6275e+06;1.0738e+06;3.81e+05
Theta;1.3871e+07;8.8724e+06;1.5905e+07;4.7113e+06
Basse;2.684e+06;2.5046e+06;3.8787e+06;2.0268e+06
Haute;1.3988e+06;3.7763e+06;1.8627e+06;8.3491e+06
THF;1.6506e+06;1.1339e+06;3.7816e+05
Theta;5.6558e+06;6.5726e+06;1.0126e+07;4.7896e+06
Basse;2.217e+06;2.2699e+06;3.5517e+06;1.9509e+06
Haute;1.0191e+06;3.6794e+06;1.4925e+06;8.3694e+06
THF;1.5275e+06;1.0695e+06;3.5756e+05
Theta;3.3054e+06;5.6473e+06;6.3403e+06;5.5596e+06
Basse;1.0663e+06;1.8086e+06;2.3934e+06;1.9022e+06
Haute;4.3811e+05;7.46e+05;9.1741e+05;7.4977e+05
THF;2.6382e+05;1.7197e+05;1.4388e+05
Theta;3.2463e+06;5.6244e+06;6.9076e+06;5.7326e+06
Basse;1.0069e+06;1.7386e+06;2.2173e+06;1.7845e+06
Haute;4.1894e+05;7.4641e+05;8.9867e+05;7.5424e+05
THF;2.6388e+05;1.6663e+05;1.4402e+05
Theta;3.3489e+06;5.7063e+06;6.739e+06;5.6613e+06
Basse;1.0073e+06;1.7368e+06;2.2669e+06;1.7787e+06
Haute;4.2995e+05;7.4584e+05;8.9291e+05;7.494e+05
THF;2.6467e+05;1.6585e+05;1.4541e+05
Theta;3.2653e+06;5.6978e+06;7.0677e+06;5.7251e+06
Basse;9.7999e+05;1.7334e+06;2.1981e+06;1.7643e+06
Haute;4.3572e+05;7.4588e+05;8.9992e+05;7.5036e+05
THF;2.6565e+05;1.659e+05;1.4499e+05
Theta;3.4152e+06;5.7539e+06;6.8399e+06;5.6802e+06
Basse;9.9458e+05;1.7335e+06;2.1875e+06;1.7567e+06
Haute;4.326e+05;7.429e+05;9.1949e+05;7.5223e+05
THF;2.6641e+05;1.6589e+05;1.4518e+05
Theta;3.2123e+06;5.6743e+06;7.1133e+06;5.6852e+06
Basse;1.0033e+06;1.7315e+06;2.1577e+06;1.7581e+06
Haute;4.3529e+05;7.4306e+05;9.0473e+05;7.5018e+05
THF;2.6492e+05;1.654e+05;1.4732e+05
Theta;3.52e+06;5.7698e+06;7.214e+06;5.6521e+06
Basse;1.0342e+06;1.7391e+06;2.2293e+06;1.7495e+06
Haute;4.454e+05;7.4571e+05;9.1467e+05;7.4851e+05
THF;2.6658e+05;1.6826e+05;1.5351e+05
Theta;2.9461e+06;5.6757e+06;6.5288e+06;5.7939e+06
Basse;1.0659e+06;1.7141e+06;2.3177e+06;1.7216e+06
Haute;3.8992e+05;7.3729e+05;8.6432e+05;7.5315e+05
THF;2.5822e+05;1.5337e+05;1.4859e+05
Theta;3.079e+06;5.5899e+06;6.8498e+06;5.5531e+06
Basse;1.0073e+06;1.6981e+06;2.1868e+06;1.7479e+06
Haute;4.1042e+05;7.159e+05;8.8812e+05;7.3561e+05
THF;2.6974e+05;1.6089e+05;1.3744e+05
Theta;3.4425e+06;5.7341e+06;7.3339e+06;5.623e+06
Basse;9.9712e+05;1.7248e+06;2.1604e+06;1.7529e+06
Haute;4.392e+05;7.387e+05;9.1607e+05;7.3341e+05
THF;2.6698e+05;1.6271e+05;1.3957e+05
Theta;3.4153e+06;5.6915e+06;7.3213e+06;5.6454e+06
Basse;1.0087e+06;1.7302e+06;2.1941e+06;1.7682e+06
Haute;4.4807e+05;7.4098e+05;9.2586e+05;7.3854e+05
THF;2.6529e+05;1.6092e+05;1.3894e+05
Theta;3.4671e+06;5.6981e+06;7.3012e+06;5.6357e+06
Basse;1.0238e+06;1.7368e+06;2.2156e+06;1.7761e+06
Haute;4.4593e+05;7.4354e+05;9.2472e+05;7.3977e+05
THF;2.6807e+05;1.6104e+05;1.376e+05
Theta;3.5377e+06;5.6939e+06;7.5419e+06;5.6473e+06
Basse;1.0149e+06;1.7334e+06;2.1852e+06;1.7719e+06
Haute;4.4508e+05;7.4446e+05;9.224e+05;7.4053e+05
THF;2.673e+05;1.6079e+05;1.3774e+05
Theta;3.6641e+06;5.7012e+06;7.6135e+06;5.6472e+06
Basse;1.0248e+06;1.7362e+06;2.1848e+06;1.768e+06
Haute;4.3945e+05;7.452e+05;9.1484e+05;7.3868e+05
THF;2.6573e+05;1.6066e+05;1.3758e+05
Theta;3.6511e+06;5.6884e+06;7.6854e+06;5.704e+06
Basse;1.0183e+06;1.7426e+06;2.1655e+06;1.7604e+06
Haute;4.4398e+05;7.441e+05;9.2169e+05;7.3985e+05
THF;2.6676e+05;1.5986e+05;1.4056e+05
Theta;3.6673e+06;5.6859e+06;7.5912e+06;5.6826e+06
Basse;1.0073e+06;1.7429e+06;2.1241e+06;1.7477e+06
Haute;4.415e+05;7.4423e+05;9.1258e+05;7.3646e+05
THF;2.6629e+05;1.6125e+05;1.4143e+05
Theta;3.5163e+06;5.6185e+06;7.4175e+06;5.6469e+06
Basse;1.0262e+06;1.7645e+06;2.1659e+06;1.7327e+06
Haute;4.3644e+05;7.4254e+05;9.081e+05;7.3596e+05
THF;2.6698e+05;1.5838e+05;1.4388e+05
Theta;3.3654e+06;5.5913e+06;7.1441e+06;5.5684e+06
Basse;9.4431e+05;1.7381e+06;2.0704e+06;1.7039e+06
Haute;4.1439e+05;7.3496e+05;8.8659e+05;7.1632e+05
THF;2.5682e+05;1.5612e+05;1.4018e+05
Theta;3.0194e+06;5.4903e+06;6.6254e+06;5.3482e+06
Basse;8.9591e+05;1.7213e+06;2.0016e+06;1.6523e+06
Haute;4.0557e+05;7.2617e+05;8.8146e+05;7.0725e+05
THF;2.5857e+05;1.5596e+05;1.3787e+05
Theta;2.9008e+06;5.4974e+06;6.5427e+06;5.3195e+06
Basse;9.0358e+05;1.7172e+06;2.0224e+06;1.6513e+06
Haute;4.0286e+05;7.2589e+05;8.8339e+05;7.0502e+05
THF;2.6012e+05;1.5611e+05;1.3439e+05
Theta;2.9327e+06;5.5096e+06;6.4842e+06;5.3022e+06
Basse;8.9282e+05;1.7107e+06;1.989e+06;1.6492e+06
Haute;4.1071e+05;7.2346e+05;8.8571e+05;7.0603e+05
THF;2.6057e+05;1.5674e+05;1.3069e+05
Theta;2.8177e+06;5.4929e+06;6.3456e+06;5.3379e+06
Basse;9.0163e+05;1.7116e+06;2.0106e+06;1.6446e+06
Haute;4.0538e+05;7.2018e+05;8.7677e+05;7.0494e+05
THF;2.596e+05;1.5637e+05;1.3058e+05
Theta;2.7892e+06;5.4937e+06;6.2557e+06;5.3298e+06
Basse;8.989e+05;1.7077e+06;2.0056e+06;1.6438e+06
Haute;4.0691e+05;7.1897e+05;8.8329e+05;7.04e+05
THF;2.6039e+05;1.5594e+05;1.2988e+05
Theta;2.7371e+06;5.492e+06;6.2046e+06;5.3414e+06
Basse;9.1208e+05;1.7118e+06;2.0328e+06;1.6416e+06
Haute;4.0593e+05;7.1831e+05;8.7714e+05;7.0403e+05
THF;2.6028e+05;1.5692e+05;1.2749e+05
Theta;2.7969e+06;5.5252e+06;6.2706e+06;5.3616e+06
Basse;9.0292e+05;1.7218e+06;2.0192e+06;1.6535e+06
Haute;4.0905e+05;7.2125e+05;8.7928e+05;7.0677e+05
THF;2.5953e+05;1.5682e+05;1.2672e+05
Theta;2.9186e+06;5.5452e+06;6.5327e+06;5.3825e+06
Basse;8.8942e+05;1.7301e+06;1.9734e+06;1.6588e+06
Haute;4.1033e+05;7.1821e+05;8.9059e+05;7.046e+05
THF;2.5716e+05;1.5448e+05;1.2766e+05
Theta;3.1629e+06;5.5493e+06;6.7974e+06;5.3951e+06
Basse;9.3312e+05;1.7352e+06;2.0371e+06;1.6366e+06
Haute;4.1908e+05;7.2501e+05;8.9467e+05;7.1618e+05
THF;2.5585e+05;1.5634e+05;1.276e+05
Theta;3.2036e+06;5.5271e+06;6.7436e+06;5.4077e+06
Basse;1.0051e+06;1.7355e+06;2.1879e+06;1.6645e+06
Haute;3.9999e+05;7.2472e+05;8.7196e+05;7.0271e+05
THF;2.5998e+05;1.641e+05;1.2981e+05
Theta;3.1913e+06;5.5256e+06;6.8362e+06;5.4255e+06
Basse;9.8747e+05;1.719e+06;2.1313e+06;1.6582e+06
Haute;4.0436e+05;7.256e+05;8.8127e+05;7.071e+05
THF;2.6031e+05;1.6152e+05;1.2816e+05
Theta;3.2164e+06;5.5325e+06;6.8584e+06;5.4273e+06
Basse;9.9606e+05;1.7216e+06;2.1437e+06;1.6569e+06
Haute;4.0181e+05;7.2615e+05;8.8006e+05;7.0526e+05
THF;2.5909e+05;1.6164e+05;1.3084e+05
Theta;3.2277e+06;5.5269e+06;6.9258e+06;5.4137e+06
Basse;1.0045e+06;1.7204e+06;2.1423e+06;1.6588e+06
Haute;3.9997e+05;7.2932e+05;8.7779e+05;7.0751e+05
THF;2.6e+05;1.6196e+05;1.3044e+05
Theta;3.2508e+06;5.536e+06;6.9347e+06;5.3993e+06
Basse;1.0069e+06;1.7222e+06;2.1426e+06;1.6635e+06
Haute;4.0145e+05;7.2984e+05;8.7827e+05;7.1014e+05
THF;2.6081e+05;1.6235e+05;1.3012e+05
Theta;3.2364e+06;5.5339e+06;6.9358e+06;5.4026e+06
Basse;1.011e+06;1.7188e+06;2.1454e+06;1.6661e+06
Haute;4.041e+05;7.2952e+05;8.8082e+05;7.0802e+05
THF;2.6162e+05;1.6228e+05;1.3059e+05
Theta;3.1819e+06;5.5176e+06;6.8298e+06;5.3781e+06
Basse;1.0142e+06;1.7138e+06;2.1471e+06;1.6653e+06
Haute;4.0529e+05;7.285e+05;8.8347e+05;7.0854e+05
THF;2.6323e+05;1.6178e+05;1.2968e+05
Theta;3.121e+06;5.5141e+06;6.759e+06;5.4003e+06
Basse;1.0182e+06;1.7026e+06;2.1532e+06;1.6633e+06
Haute;4.0877e+05;7.288e+05;8.8429e+05;7.1232e+05
THF;2.6409e+05;1.6366e+05;1.2838e+05
Theta;3.1132e+06;5.5338e+06;6.7144e+06;5.4553e+06
Basse;9.87e+05;1.6993e+06;2.1034e+06;1.6948e+06
Haute;4.1289e+05;7.1901e+05;9.0733e+05;6.9392e+05
THF;2.6791e+05;1.6709e+05;1.2712e+05
Theta;3.1007e+06;5.5697e+06;6.5416e+06;5.4966e+06
Basse;8.9729e+05;1.7127e+06;1.8859e+06;1.6807e+06
Haute;3.9596e+05;7.2778e+05;8.411e+05;7.0843e+05
THF;2.6015e+05;1.6155e+05;1.2635e+05
Theta;3.0557e+06;5.5316e+06;6.5049e+06;5.5409e+06
Basse;8.9809e+05;1.7411e+06;1.8875e+06;1.6752e+06
Haute;3.9364e+05;7.2075e+05;8.3964e+05;7.0558e+05
THF;2.6259e+05;1.6112e+05;1.2956e+05
Theta;3.0578e+06;5.5452e+06;6.4753e+06;5.5471e+06
Basse;9.0102e+05;1.7393e+06;1.8975e+06;1.6735e+06
Haute;3.9493e+05;7.1971e+05;8.4396e+05;7.0485e+05
THF;2.6285e+05;1.613e+05;1.3002e+05
Theta;3.0419e+06;5.5299e+06;6.4633e+06;5.542e+06
Basse;9.0211e+05;1.7437e+06;1.9039e+06;1.6743e+06
Haute;3.9397e+05;7.1699e+05;8.4417e+05;7.0141e+05
THF;2.6428e+05;1.6152e+05;1.2982e+05
Theta;3.0304e+06;5.5375e+06;6.4157e+06;5.5381e+06
Basse;8.9689e+05;1.7439e+06;1.888e+06;1.67e+06
Haute;3.9352e+05;7.1523e+05;8.4496e+05;7.0114e+05
THF;2.6231e+05;1.6108e+05;1.3087e+05
Theta;3.0268e+06;5.5267e+06;6.4326e+06;5.5342e+06
Basse;8.9148e+05;1.7457e+06;1.8826e+06;1.6728e+06
Haute;3.9283e+05;7.18e+05;8.4418e+05;6.9999e+05
THF;2.6082e+05;1.6074e+05;1.3048e+05
Theta;3.0422e+06;5.5097e+06;6.4361e+06;5.5299e+06
Basse;9.0032e+05;1.7468e+06;1.9025e+06;1.6732e+06
Haute;3.888e+05;7.2035e+05;8.3949e+05;7.0109e+05
THF;2.5809e+05;1.6095e+05;1.3158e+05
Theta;3.0719e+06;5.5209e+06;6.4464e+06;5.5195e+06
Basse;9.0395e+05;1.756e+06;1.9152e+06;1.6695e+06
Haute;3.8397e+05;7.1924e+05;8.3098e+05;6.976e+05
THF;2.5855e+05;1.6128e+05;1.3134e+05
Theta;2.9959e+06;5.5266e+06;6.321e+06;5.436e+06
Basse;9.6151e+05;1.752e+06;2.0422e+06;1.6788e+06
Haute;3.7947e+05;7.2502e+05;8.1276e+05;7.1168e+05
THF;2.5748e+05;1.5995e+05;1.3278e+05
Theta;3.0948e+06;5.5322e+06;6.4268e+06;5.2878e+06
Basse;1.0433e+06;1.756e+06;2.1564e+06;1.6258e+06
Haute;4.1269e+05;7.2461e+05;8.624e+05;6.9576e+05
THF;2.621e+05;1.5664e+05;1.2864e+05
Theta;3.1695e+06;5.5731e+06;6.6298e+06;5.2634e+06
Basse;1.0449e+06;1.7358e+06;2.1623e+06;1.6386e+06
Haute;4.0536e+05;7.2852e+05;8.4691e+05;6.9484e+05
THF;2.607e+05;1.5676e+05;1.2927e+05
Theta;3.1691e+06;5.5705e+06;6.5858e+06;5.253e+06
Basse;1.0452e+06;1.7408e+06;2.1733e+06;1.6388e+06
Haute;4.082e+05;7.3055e+05;8.4701e+05;6.9669e+05
THF;2.6115e+05;1.5704e+05;1.2936e+05
Theta;3.1871e+06;5.5644e+06;6.6537e+06;5.258e+06
Basse;1.0378e+06;1.7439e+06;2.1599e+06;1.6405e+06
Haute;4.0809e+05;7.3111e+05;8.4941e+05;6.9951e+05
THF;2.6079e+05;1.5736e+05;1.3212e+05
Theta;3.2144e+06;5.5724e+06;6.6858e+06;5.2537e+06
Basse;1.0413e+06;1.7449e+06;2.1736e+06;1.6406e+06
Haute;4.0778e+05;7.3281e+05;8.5094e+05;6.975e+05
THF;2.6074e+05;1.5709e+05;1.3122e+05
Theta;3.2208e+06;5.5815e+06;6.7038e+06;5.2601e+06
Basse;1.0378e+06;1.739e+06;2.1809e+06;1.6412e+06
Haute;4.0741e+05;7.312e+05;8.5003e+05;6.9826e+05
THF;2.6142e+05;1.577e+05;1.2939e+05
Theta;3.2068e+06;5.6011e+06;6.6958e+06;5.2738e+06
Basse;1.0349e+06;1.7383e+06;2.1707e+06;1.6434e+06
Haute;4.1068e+05;7.2988e+05;8.5515e+05;7.0024e+05
THF;2.6063e+05;1.5783e+05;1.2648e+05
Theta;3.1952e+06;5.6116e+06;6.6508e+06;5.271e+06
Basse;1.0164e+06;1.7373e+06;2.141e+06;1.6444e+06
Haute;4.1266e+05;7.3425e+05;8.5585e+05;6.9871e+05
THF;2.5924e+05;1.5551e+05;1.2458e+05
Theta;3.0958e+06;5.581e+06;6.558e+06;5.3107e+06
Basse;1.0258e+06;1.7242e+06;2.1601e+06;1.6195e+06
Haute;4.3705e+05;7.4593e+05;8.8437e+05;7.0566e+05
THF;2.544e+05;1.5715e+05;1.2777e+05
Theta;3.0028e+06;5.597e+06;6.1782e+06;5.4033e+06
Basse;9.7339e+05;1.7241e+06;1.9574e+06;1.6742e+06
Haute;4.2272e+05;7.3089e+05;8.4162e+05;7.298e+05
THF;2.5324e+05;1.5066e+05;1.2635e+05
Theta;2.9926e+06;5.5962e+06;6.109e+06;5.4372e+06
Basse;9.4079e+05;1.7182e+06;1.953e+06;1.6714e+06
Haute;4.2659e+05;7.3125e+05;8.42e+05;7.242e+05
THF;2.5594e+05;1.5286e+05;1.2996e+05
Theta;2.9169e+06;5.5948e+06;5.9684e+06;5.4203e+06
Basse;9.2248e+05;1.7073e+06;1.9166e+06;1.6611e+06
Haute;4.2892e+05;7.2974e+05;8.4275e+05;7.229e+05
THF;2.5684e+05;1.5427e+05;1.2937e+05
Theta;2.8976e+06;5.6188e+06;5.9335e+06;5.432e+06
Basse;9.261e+05;1.7033e+06;1.9352e+06;1.6607e+06
Haute;4.3131e+05;7.3332e+05;8.4308e+05;7.235e+05
THF;2.5664e+05;1.5388e+05;1.3035e+05
Theta;2.8838e+06;5.6208e+06;5.8943e+06;5.4505e+06
Basse;9.2667e+05;1.7059e+06;1.9277e+06;1.6645e+06
Haute;4.3087e+05;7.3341e+05;8.4192e+05;7.2425e+05
THF;2.5763e+05;1.5395e+05;1.304e+05
Theta;2.8599e+06;5.6129e+06;5.8499e+06;5.4524e+06
Basse;9.2538e+05;1.7085e+06;1.93e+06;1.6571e+06
Haute;4.3135e+05;7.3352e+05;8.4131e+05;7.2475e+05
THF;2.5664e+05;1.5362e+05;1.3064e+05
Theta;2.842e+06;5.6001e+06;5.8482e+06;5.4308e+06
Basse;9.3132e+05;1.7114e+06;1.9395e+06;1.6634e+06
Haute;4.2719e+05;7.2933e+05;8.4011e+05;7.1976e+05
THF;2.5664e+05;1.5342e+05;1.3342e+05
Theta;2.8251e+06;5.5725e+06;5.7882e+06;5.4205e+06
Basse;9.5082e+05;1.7016e+06;1.9722e+06;1.664e+06
Haute;4.3235e+05;7.2669e+05;8.4689e+05;7.2142e+05
THF;2.5779e+05;1.5721e+05;1.3662e+05
Theta;2.883e+06;5.5183e+06;6.0022e+06;5.4019e+06
Basse;8.9318e+05;1.7215e+06;1.8383e+06;1.6771e+06
Haute;4.4273e+05;7.2402e+05;8.6886e+05;7.169e+05
THF;2.5282e+05;1.6341e+05;1.3352e+05
Theta;3.0179e+06;5.5403e+06;6.1886e+06;5.2892e+06
Basse;9.1826e+05;1.7214e+06;1.8748e+06;1.6299e+06
Haute;4.3276e+05;7.2968e+05;8.4358e+05;7.059e+05
THF;2.612e+05;1.5769e+05;1.3668e+05
Theta;3.1491e+06;5.6025e+06;6.4938e+06;5.2727e+06
Basse;9.1913e+05;1.7045e+06;1.833e+06;1.6384e+06
Haute;4.3299e+05;7.3098e+05;8.5687e+05;7.0666e+05
THF;2.6037e+05;1.6262e+05;1.3575e+05
Theta;3.2253e+06;5.6134e+06;6.5609e+06;5.259e+06
Basse;9.4038e+05;1.7157e+06;1.8843e+06;1.63e+06
Haute;4.2884e+05;7.3169e+05;8.4531e+05;7.0852e+05
THF;2.6281e+05;1.6205e+05;1.3175e+05
Theta;3.2537e+06;5.6156e+06;6.6166e+06;5.2793e+06
Basse;9.3912e+05;1.7106e+06;1.8845e+06;1.6252e+06
Haute;4.2327e+05;7.3129e+05;8.421e+05;7.0823e+05
THF;2.6333e+05;1.6093e+05;1.3428e+05
Theta;3.2573e+06;5.6147e+06;6.6509e+06;5.2802e+06
Basse;9.4514e+05;1.7105e+06;1.9029e+06;1.6293e+06
Haute;4.2449e+05;7.3178e+05;8.4002e+05;7.0882e+05
THF;2.6216e+05;1.6126e+05;1.3388e+05
Theta;3.2751e+06;5.6118e+06;6.6588e+06;5.2703e+06
Basse;9.6572e+05;1.7149e+06;1.9433e+06;1.6291e+06
Haute;4.2664e+05;7.309e+05;8.4277e+05;7.0793e+05
THF;2.6385e+05;1.6142e+05;1.3449e+05
Theta;3.3752e+06;5.6292e+06;6.8578e+06;5.3321e+06
Basse;1.0273e+06;1.7303e+06;2.0513e+06;1.6208e+06
Haute;4.4199e+05;7.4092e+05;8.677e+05;7.1708e+05
THF;2.6939e+05;1.6436e+05;1.3117e+05
Theta;3.32e+06;5.6267e+06;7.2457e+06;5.6395e+06
Basse;1.5756e+06;1.7647e+06;2.7018e+06;1.6987e+06
Haute;9.2225e+05;8.0241e+05;1.167e+06;8.11e+05
THF;3.4376e+05;2.6432e+05;1.8597e+05
Theta;1.0547e+07;9.0457e+06;1.0153e+07;5.3205e+06
Basse;3.289e+06;2.0704e+06;2.6519e+06;1.7592e+06
Haute;1.8607e+06;9.2318e+05;1.1982e+06;8.2039e+05
THF;4.8077e+05;4.6779e+05;2.839e+05
Theta;9.4208e+06;9.8225e+06;6.1656e+06;5.6934e+06
Basse;3.6762e+06;2.2243e+06;1.6191e+06;1.8219e+06
Haute;1.6784e+06;9.026e+05;1.0161e+06;9.8668e+05
THF;5.3564e+05;4.6653e+05;2.7751e+05
Theta;1.0844e+07;9.9435e+06;4.9077e+06;5.8793e+06
Basse;3.7952e+06;2.2287e+06;1.4084e+06;2.0337e+06
Haute;1.6198e+06;1.0112e+06;1.1307e+06;9.5217e+05
THF;5.5938e+05;4.7019e+05;2.7814e+05
Theta;1.0377e+07;1.0023e+07;5.34e+06;6.0229e+06
Basse;4.1593e+06;2.2991e+06;1.6144e+06;2.0875e+06
Haute;1.6765e+06;1.0495e+06;1.2168e+06;9.6244e+05
THF;5.7168e+05;4.7538e+05;2.7513e+05
Theta;1.0501e+07;1.0336e+07;4.5888e+06;6.1545e+06
Basse;3.9006e+06;2.2434e+06;1.3634e+06;2.1821e+06
Haute;1.7059e+06;1.0684e+06;1.1403e+06;1.0387e+06
THF;5.912e+05;4.7644e+05;2.7593e+05
Theta;1.0296e+07;1.0126e+07;5.006e+06;6.1641e+06
Basse;4.0151e+06;2.256e+06;1.3764e+06;2.3367e+06
Haute;1.7121e+06;1.0617e+06;1.1383e+06;1.0254e+06
THF;5.774e+05;4.7424e+05;2.7539e+05
Theta;1.0175e+07;1.0026e+07;4.5661e+06;6.1988e+06
Basse;4.2408e+06;2.3035e+06;1.2849e+06;2.3209e+06
Haute;1.7901e+06;1.0813e+06;1.2154e+06;1.021e+06
THF;5.774e+05;4.703e+05;2.6927e+05
Theta;9.3738e+06;9.673e+06;4.3527e+06;5.8235e+06
Basse;4.2459e+06;2.3787e+06;1.4163e+06;2.3001e+06
Haute;1.8399e+06;1.0775e+06;1.209e+06;9.9684e+05
THF;5.9255e+05;4.6571e+05;2.7432e+05
Theta;9.8243e+06;9.8275e+06;3.9543e+06;6.0145e+06
Basse;3.9365e+06;2.319e+06;9.9294e+05;2.3019e+06
Haute;1.8937e+06;1.0344e+06;1.2558e+06;9.5167e+05
THF;5.0377e+05;4.2152e+05;3.3832e+05
Theta;4.943e+06;6.7289e+06;2.8886e+06;6.2713e+06
Basse;2.4115e+06;3.2938e+06;7.2815e+05;2.2452e+06
Haute;1.0895e+06;1.0542e+06;9.3712e+05;9.6385e+05
THF;4.4826e+05;2.2879e+05;1.509e+05
Theta;4.2131e+06;5.8484e+06;3.8136e+06;6.209e+06
Basse;1.4198e+06;1.7513e+06;1.1674e+06;2.3878e+06
Haute;6.0829e+05;9.0559e+05;6.4812e+05;8.4799e+05
THF;2.9562e+05;1.635e+05;1.2692e+05
Theta;3.31e+06;5.8834e+06;5.0624e+06;5.7863e+06
Basse;1.0558e+06;1.8975e+06;1.3516e+06;2.068e+06
Haute;7.7128e+05;8.2481e+05;8.5434e+05;7.7456e+05
THF;2.8561e+05;1.7142e+05;1.4201e+05
Theta;3.3091e+06;5.8777e+06;5.1749e+06;5.9834e+06
Basse;1.0711e+06;1.8815e+06;1.4382e+06;2.1435e+06
Haute;6.8277e+05;8.1479e+05;7.6392e+05;7.9103e+05
THF;3.0477e+05;1.8449e+05;1.5734e+05
Theta;3.2062e+06;5.6967e+06;5.3899e+06;5.724e+06
Basse;1.247e+06;1.8292e+06;1.5211e+06;2.0344e+06
Haute;7.37e+05;8.0126e+05;7.6903e+05;8.4712e+05
THF;2.7819e+05;1.7177e+05;1.2536e+05
Theta;3.3629e+06;5.7076e+06;5.1421e+06;5.5606e+06
Basse;1.177e+06;1.8353e+06;1.5379e+06;1.7581e+06
Haute;6.7149e+05;7.8465e+05;7.7431e+05;7.2271e+05
THF;2.7001e+05;1.6741e+05;1.3292e+05
Theta;3.0888e+06;5.5815e+06;5.4522e+06;5.5778e+06
Basse;1.0593e+06;1.7937e+06;1.5918e+06;1.7783e+06
Haute;6.5857e+05;7.8367e+05;7.7395e+05;7.2414e+05
THF;2.6006e+05;1.6821e+05;1.3183e+05
Theta;3.0734e+06;5.5515e+06;4.9939e+06;5.7586e+06
Basse;9.6921e+05;1.7828e+06;1.5129e+06;1.7662e+06
Haute;6.2067e+05;7.7974e+05;7.3925e+05;7.2669e+05
THF;2.6156e+05;1.6628e+05;1.4412e+05
Theta;2.9569e+06;5.558e+06;5.1262e+06;5.4597e+06
Basse;1.0112e+06;1.7606e+06;1.5108e+06;1.6917e+06
Haute;5.3732e+05;7.5852e+05;7.1268e+05;7.2185e+05
THF;2.5703e+05;1.6575e+05;1.3781e+05
Theta;2.9562e+06;5.5111e+06;4.8784e+06;5.5182e+06
Basse;9.9536e+05;1.771e+06;1.5455e+06;1.6067e+06
Haute;5.2355e+05;7.6056e+05;7.0695e+05;7.2208e+05
THF;2.5238e+05;1.6359e+05;1.3084e+05
Theta;3.5281e+06;5.5765e+06;6.484e+06;5.3678e+06
Basse;1.3102e+06;1.817e+06;2.0254e+06;1.6602e+06
Haute;5.561e+05;7.6558e+05;8.6345e+05;7.3829e+05
THF;2.5827e+05;1.5937e+05;1.3323e+05
Theta;8.2788e+06;8.255e+06;1.2652e+07;5.4148e+06
Basse;1.6729e+06;1.767e+06;1.8436e+06;1.593e+06
Haute;1.4084e+06;1.146e+06;1.9967e+06;9.2249e+05
THF;3.6106e+05;2.1499e+05;1.9426e+05
Theta;5.4506e+07;1.7827e+07;3.3982e+07;2.8732e+07
Basse;1.859e+07;8.1116e+06;1.6068e+07;1.6103e+07
Haute;5.523e+06;3.3643e+06;5.2018e+06;1.2927e+07
THF;2.1791e+06;1.3169e+06;9.0925e+05
Theta;4.3062e+07;1.2324e+07;3.0737e+07;4.4113e+07
Basse;9.1341e+06;6.2974e+06;1.1969e+07;1.8991e+07
Haute;2.1683e+06;2.1954e+06;2.8228e+06;1.0604e+07
THF;9.0107e+05;4.0397e+05;2.9886e+05
Theta;5.1897e+07;1.5234e+07;4.0003e+07;4.3124e+07
Basse;8.4118e+06;6.0758e+06;1.0719e+07;1.9902e+07
Haute;2.3028e+06;2.2267e+06;2.9405e+06;1.0527e+07
THF;8.8396e+05;3.9643e+05;2.7479e+05
Theta;5.2277e+07;1.4328e+07;3.9314e+07;4.3283e+07
Basse;7.7681e+06;5.6889e+06;1.0606e+07;1.939e+07
Haute;2.7384e+06;2.2013e+06;2.8537e+06;1.0618e+07
THF;8.6195e+05;3.9066e+05;2.523e+05
Theta;5.099e+07;1.4561e+07;3.8576e+07;4.2275e+07
Basse;8.1357e+06;5.683e+06;1.0779e+07;1.9359e+07
Haute;2.7202e+06;2.1941e+06;2.8422e+06;1.0484e+07
THF;8.6406e+05;3.8332e+05;2.5286e+05
Theta;5.1346e+07;1.446e+07;3.8873e+07;4.2732e+07
Basse;8.3887e+06;5.7206e+06;1.0724e+07;1.952e+07
Haute;2.7618e+06;2.1889e+06;2.8624e+06;1.0457e+07
THF;8.6899e+05;3.8864e+05;2.6196e+05
Theta;5.2476e+07;1.5187e+07;3.9245e+07;4.2006e+07
Basse;8.1466e+06;5.6321e+06;1.0525e+07;1.9741e+07
Haute;2.7636e+06;2.2171e+06;2.8466e+06;1.054e+07
THF;8.7846e+05;3.8421e+05;2.515e+05
Theta;5.5032e+07;1.6075e+07;3.8408e+07;4.833e+07
Basse;8.8262e+06;6.1558e+06;1.0411e+07;2.0415e+07
Haute;3.2228e+06;2.4641e+06;2.9111e+06;1.0531e+07
THF;9.7523e+05;4.1207e+05;2.3972e+05
Theta;5.8529e+07;1.8233e+07;3.4361e+07;5.607e+07
Basse;7.4364e+06;4.5536e+06;1.1677e+07;1.9863e+07
Haute;1.4172e+06;1.5843e+06;1.4909e+06;1.0834e+07
THF;1.0282e+06;4.2379e+05;2.334e+05
Theta;4.0071e+07;1.2122e+07;1.7507e+07;5.7845e+07
Basse;1.2064e+07;4.1395e+06;9.3607e+06;2.5828e+07
Haute;4.623e+06;1.2608e+06;2.8766e+06;1.3894e+07
THF;1.9076e+06;6.984e+05;2.5778e+05
Theta;4.5664e+06;5.1684e+06;7.9673e+06;1.3558e+07
Basse;1.2727e+06;1.642e+06;2.1608e+06;3.2494e+06
Haute;1.329e+06;7.5757e+05;8.8951e+05;1.3515e+06
THF;3.6531e+05;2.2848e+05;1.7792e+05
Theta;3.7483e+06;5.5266e+06;6.6822e+06;1.3819e+07
Basse;1.504e+06;1.5545e+06;2.4961e+06;3.2074e+06
Haute;3.8785e+05;6.1629e+05;9.4805e+05;1.3538e+06
THF;3.109e+05;1.9476e+05;1.4871e+05
Theta;2.5103e+06;4.3243e+06;5.6122e+06;1.244e+07
Basse;7.0438e+05;1.2871e+06;1.9014e+06;3.1447e+06
Haute;3.0818e+05;5.4636e+05;8.3326e+05;1.3066e+06
THF;2.7357e+05;1.7002e+05;1.3712e+05
Theta;2.38e+06;4.4611e+06;5.6419e+06;1.2754e+07
Basse;5.8067e+05;1.2513e+06;1.8422e+06;3.2675e+06
Haute;2.3972e+05;5.3185e+05;8.2067e+05;1.3278e+06
THF;2.6271e+05;1.6715e+05;1.3192e+05
Theta;2.3317e+06;4.2999e+06;5.6323e+06;1.2903e+07
Basse;5.6573e+05;1.2475e+06;1.8855e+06;3.2881e+06
Haute;2.229e+05;5.2302e+05;8.2642e+05;1.3285e+06
THF;2.6287e+05;1.6679e+05;1.2976e+05
Theta;2.399e+06;4.7624e+06;5.4628e+06;1.2928e+07
Basse;6.0502e+05;1.3585e+06;1.9935e+06;3.243e+06
Haute;2.0046e+05;5.2522e+05;8.0978e+05;1.3134e+06
THF;2.6778e+05;1.5618e+05;1.3321e+05
Theta;2.578e+06;4.8499e+06;5.8421e+06;1.1804e+07
Basse;8.628e+05;1.4848e+06;1.7905e+06;4.6853e+06
Haute;3.7462e+05;6.3907e+05;7.8902e+05;1.6549e+06
THF;2.8335e+05;2.1147e+05;1.5602e+05
Theta;3.3154e+06;5.8541e+06;6.6542e+06;5.4893e+06
Basse;1.2034e+06;1.9689e+06;2.1896e+06;1.5795e+06
Haute;3.7967e+05;7.1309e+05;8.7811e+05;8.2244e+05
THF;2.8802e+05;1.61e+05;1.4424e+05
Theta;3.2371e+06;5.8471e+06;6.8412e+06;5.6906e+06
Basse;9.9967e+05;1.7817e+06;2.0947e+06;1.7063e+06
Haute;4.1311e+05;7.4937e+05;8.8912e+05;7.4362e+05
THF;2.7562e+05;1.6118e+05;1.4184e+05
Theta;3.1705e+06;5.7216e+06;6.7507e+06;5.579e+06
Basse;1.0006e+06;1.7722e+06;2.1034e+06;1.7321e+06
Haute;4.1671e+05;7.5696e+05;8.8839e+05;7.4225e+05
THF;2.7545e+05;1.6265e+05;1.4285e+05
Theta;3.1487e+06;5.7381e+06;6.7451e+06;5.6294e+06
Basse;1.0062e+06;1.7749e+06;2.1167e+06;1.7404e+06
Haute;4.1535e+05;7.5941e+05;8.8289e+05;7.4596e+05
THF;2.7487e+05;1.6274e+05;1.4342e+05
Theta;3.1492e+06;5.7358e+06;6.738e+06;5.6205e+06
Basse;1.0023e+06;1.7754e+06;2.113e+06;1.7469e+06
Haute;4.1715e+05;7.5997e+05;8.8212e+05;7.4235e+05
THF;2.7505e+05;1.6313e+05;1.4467e+05
Theta;3.1402e+06;5.7381e+06;6.7365e+06;5.6e+06
Basse;9.9324e+05;1.7786e+06;2.1131e+06;1.7607e+06
Haute;4.1638e+05;7.5862e+05;8.8096e+05;7.393e+05
THF;2.7447e+05;1.632e+05;1.437e+05
Theta;3.1504e+06;5.7463e+06;6.7584e+06;5.6362e+06
Basse;9.8383e+05;1.7817e+06;2.1073e+06;1.7671e+06
Haute;4.1826e+05;7.6157e+05;8.8257e+05;7.4437e+05
THF;2.7475e+05;1.6361e+05;1.4224e+05
Theta;3.1677e+06;5.7437e+06;6.7528e+06;5.5661e+06
Basse;9.8561e+05;1.7899e+06;2.1151e+06;1.7777e+06
Haute;4.2022e+05;7.6257e+05;8.8038e+05;7.414e+05
THF;2.757e+05;1.6364e+05;1.3856e+05
Theta;3.164e+06;5.7565e+06;6.7973e+06;5.6791e+06
Basse;9.7677e+05;1.8079e+06;2.077e+06;1.7738e+06
Haute;4.2263e+05;7.5793e+05;8.8802e+05;7.3449e+05
THF;2.7601e+05;1.6245e+05;1.3758e+05
Theta;3.1889e+06;5.6652e+06;6.7673e+06;5.4751e+06
Basse;9.7734e+05;1.7651e+06;2.0514e+06;1.6857e+06
Haute;4.1387e+05;7.4735e+05;8.6097e+05;7.1273e+05
THF;2.6874e+05;1.6174e+05;1.3559e+05
Theta;3.1996e+06;5.6774e+06;6.7775e+06;5.4953e+06
Basse;9.7014e+05;1.7637e+06;2.0573e+06;1.6867e+06
Haute;4.1453e+05;7.5268e+05;8.5721e+05;7.2078e+05
THF;2.6722e+05;1.691e+05;1.3146e+05
Theta;3.199e+06;5.6718e+06;6.7639e+06;5.4746e+06
Basse;9.687e+05;1.7744e+06;2.0562e+06;1.7009e+06
Haute;4.1507e+05;7.4904e+05;8.5795e+05;7.1513e+05
THF;2.6752e+05;1.7116e+05;1.3393e+05
Theta;3.2041e+06;5.6699e+06;6.7731e+06;5.475e+06
Basse;9.6623e+05;1.778e+06;2.0563e+06;1.708e+06
Haute;4.1571e+05;7.5048e+05;8.5708e+05;7.1877e+05
THF;2.6797e+05;1.7075e+05;1.3329e+05
Theta;3.2123e+06;5.6778e+06;6.7734e+06;5.4859e+06
Basse;9.602e+05;1.7827e+06;2.0611e+06;1.7115e+06
Haute;4.1541e+05;7.4958e+05;8.5835e+05;7.1957e+05
THF;2.6812e+05;1.706e+05;1.3276e+05
Theta;3.2173e+06;5.6661e+06;6.7638e+06;5.4616e+06
Basse;9.661e+05;1.7834e+06;2.064e+06;1.7073e+06
Haute;4.1578e+05;7.4849e+05;8.6032e+05;7.1828e+05
THF;2.6826e+05;1.7047e+05;1.3228e+05
Theta;3.2108e+06;5.6799e+06;6.747e+06;5.4974e+06
Basse;9.6873e+05;1.7845e+06;2.0689e+06;1.7029e+06
Haute;4.1521e+05;7.4707e+05;8.6019e+05;7.1922e+05
THF;2.6756e+05;1.6993e+05;1.3309e+05
Theta;3.2061e+06;5.6649e+06;6.7351e+06;5.4455e+06
Basse;9.6964e+05;1.7877e+06;2.0663e+06;1.7032e+06
Haute;4.15e+05;7.4621e+05;8.609e+05;7.2167e+05
THF;2.6606e+05;1.6879e+05;1.3514e+05
Theta;3.2041e+06;5.6945e+06;6.7444e+06;5.5047e+06
Basse;9.6797e+05;1.7849e+06;2.071e+06;1.7007e+06
Haute;4.151e+05;7.4522e+05;8.5877e+05;7.1987e+05
THF;2.6627e+05;1.7097e+05;1.362e+05
Theta;3.2026e+06;5.6619e+06;6.7203e+06;5.4248e+06
Basse;9.6257e+05;1.7767e+06;2.1036e+06;1.6888e+06
Haute;4.1478e+05;7.3684e+05;8.6733e+05;7.0433e+05
THF;2.6733e+05;1.6797e+05;1.3659e+05
Theta;3.1734e+06;5.6773e+06;6.6967e+06;5.3763e+06
Basse;9.6948e+05;1.7868e+06;2.1082e+06;1.6729e+06
Haute;4.2001e+05;7.2986e+05;8.7234e+05;7.0861e+05
THF;2.6702e+05;1.6859e+05;1.3308e+05
Theta;3.1656e+06;5.7026e+06;6.6802e+06;5.3829e+06
Basse;9.7822e+05;1.7832e+06;2.1128e+06;1.6728e+06
Haute;4.2232e+05;7.3168e+05;8.7501e+05;7.0909e+05
THF;2.6642e+05;1.679e+05;1.3182e+05
Theta;3.1618e+06;5.6999e+06;6.658e+06;5.3707e+06
Basse;9.7948e+05;1.7864e+06;2.1094e+06;1.674e+06
Haute;4.2252e+05;7.3199e+05;8.767e+05;7.0707e+05
THF;2.6595e+05;1.6762e+05;1.3146e+05
Theta;3.16e+06;5.708e+06;6.6686e+06;5.3797e+06
Basse;9.8104e+05;1.7858e+06;2.1099e+06;1.6754e+06
Haute;4.2235e+05;7.3222e+05;8.7592e+05;7.073e+05
THF;2.657e+05;1.6793e+05;1.3178e+05
Theta;3.1608e+06;5.6973e+06;6.6595e+06;5.3646e+06
Basse;9.7582e+05;1.7822e+06;2.1056e+06;1.672e+06
Haute;4.2065e+05;7.3379e+05;8.7321e+05;7.073e+05
THF;2.6585e+05;1.6803e+05;1.3281e+05
Theta;3.0609e+06;5.5657e+06;6.5772e+06;5.4252e+06
Basse;1.026e+06;1.861e+06;2.1284e+06;1.6675e+06
Haute;4.3999e+05;7.6709e+05;8.7433e+05;7.0829e+05
THF;2.7881e+05;1.7384e+05;1.3151e+05
Theta;3.5516e+06;5.7779e+06;6.9854e+06;5.3429e+06
Basse;1.2144e+06;1.9286e+06;2.2513e+06;1.6473e+06
Haute;4.6141e+05;7.8303e+05;8.8021e+05;7.163e+05
THF;2.8264e+05;1.809e+05;1.3878e+05
Theta;3.0819e+06;6.0178e+06;5.7332e+06;7.0876e+06
Basse;2.1628e+06;2.2679e+06;2.8519e+06;1.4942e+06
Haute;4.7706e+05;8.3066e+05;8.5692e+05;7.9891e+05
THF;3.1433e+05;1.9514e+05;1.5245e+05
Theta;3.6355e+06;5.1035e+06;8.0449e+06;6.156e+06
Basse;1.4561e+06;1.7835e+06;2.5398e+06;1.5807e+06
Haute;5.9642e+05;7.4923e+05;1.0491e+06;6.8024e+05
THF;3.0141e+05;1.8369e+05;1.4173e+05
Theta;6.9615e+06;5.3247e+06;8.4606e+06;5.7821e+06
Basse;8.1812e+06;2.4601e+06;4.2114e+06;1.6202e+06
Haute;3.391e+06;8.1679e+05;1.3046e+06;6.7855e+05
THF;5.5439e+05;3.1262e+05;1.8774e+05
Theta;2.1473e+07;6.6842e+06;1.7672e+07;6.5646e+06
Basse;1.0733e+07;2.6054e+06;3.2157e+06;1.7668e+06
Haute;3.621e+06;9.2845e+05;1.7441e+06;6.9196e+05
THF;6.4412e+05;3.616e+05;3.2115e+05
Theta;1.1407e+08;6.4572e+06;1.5351e+07;6.2703e+06
Basse;1.5309e+07;3.5344e+06;5.9843e+06;2.505e+06
Haute;1.0644e+07;1.1965e+06;2.5677e+06;8.5127e+05
THF;2.2882e+06;1.1482e+06;4.596e+05
Theta;9.2392e+07;7.522e+06;1.5061e+07;7.5699e+06
Basse;2.4893e+07;3.6721e+06;7.2119e+06;3.566e+06
Haute;1.1286e+07;1.2354e+06;3.8698e+06;9.5502e+05
THF;3.0918e+06;1.1725e+06;6.7603e+05
Theta;9.7032e+07;7.7048e+06;1.4854e+07;6.6439e+06
Basse;2.7798e+07;3.526e+06;7.1807e+06;3.611e+06
Haute;1.0002e+07;1.275e+06;3.7797e+06;1.0484e+06
THF;3.2696e+06;1.2394e+06;6.4821e+05
Theta;9.8512e+07;7.8442e+06;1.4814e+07;7.1883e+06
Basse;2.7562e+07;3.4856e+06;7.1185e+06;3.5528e+06
Haute;9.9397e+06;1.2193e+06;3.8416e+06;9.6248e+05
THF;3.2939e+06;1.2365e+06;6.3423e+05
Theta;9.7041e+07;8.9214e+06;1.4453e+07;7.5122e+06
Basse;2.6718e+07;3.2729e+06;6.8041e+06;3.5574e+06
Haute;1.0015e+07;1.282e+06;3.854e+06;9.9418e+05
THF;3.2944e+06;1.2276e+06;6.7112e+05
Theta;1.0149e+08;9.7129e+06;1.7533e+07;5.8032e+06
Basse;2.687e+07;3.2799e+06;6.5552e+06;3.88e+06
Haute;1.0434e+07;1.3743e+06;4.0947e+06;9.7224e+05
THF;3.3265e+06;1.3149e+06;7.1712e+05
Theta;9.9656e+07;8.2417e+06;1.4026e+07;5.9509e+06
Basse;2.713e+07;3.5897e+06;6.7965e+06;3.4701e+06
Haute;1.0161e+07;1.2679e+06;3.7405e+06;9.8769e+05
THF;3.277e+06;1.2355e+06;6.6313e+05
Theta;7.472e+07;8.9349e+06;1.4235e+07;6.1061e+06
Basse;3.1118e+07;3.5941e+06;6.7922e+06;3.5034e+06
Haute;9.4954e+06;1.4832e+06;3.4968e+06;9.6145e+05
THF;3.3677e+06;1.0631e+06;5.8913e+05
Theta;4.6799e+07;8.3963e+06;1.0888e+07;5.3159e+06
Basse;3.2514e+07;2.7177e+06;5.7625e+06;3.2073e+06
Haute;7.5831e+06;1.1785e+06;3.5164e+06;9.5997e+05
THF;3.3112e+06;8.0033e+05;6.1078e+05
Theta;1.1128e+07;6.8054e+06;7.1817e+06;5.8269e+06
Basse;1.0113e+07;1.9913e+06;3.6554e+06;1.8733e+06
Haute;3.5119e+06;9.1188e+05;1.9056e+06;8.715e+05
THF;6.6334e+05;3.2996e+05;2.8536e+05
Theta;6.403e+06;6.0834e+06;7.4911e+06;4.5731e+06
Basse;3.646e+06;2.0583e+06;2.3495e+06;1.5298e+06
Haute;1.3321e+06;8.6733e+05;9.0357e+05;6.6821e+05
THF;4.0838e+05;2.093e+05;1.9753e+05
Theta;4.7813e+06;5.8735e+06;7.4326e+06;5.1405e+06
Basse;2.0724e+06;1.9109e+06;2.4294e+06;1.5404e+06
Haute;7.5303e+05;8.279e+05;9.203e+05;6.5643e+05
THF;3.1169e+05;1.7534e+05;1.4766e+05
Theta;5.3642e+06;6.0985e+06;7.8051e+06;4.5842e+06
Basse;1.5321e+06;1.8312e+06;2.347e+06;1.537e+06
Haute;5.8321e+05;7.9795e+05;9.0603e+05;6.5417e+05
THF;3.016e+05;1.6849e+05;1.4591e+05
Theta;5.6558e+06;6.1693e+06;8.2948e+06;4.9422e+06
Basse;1.6381e+06;1.8878e+06;2.5295e+06;1.5591e+06
Haute;5.7204e+05;8.0315e+05;9.2052e+05;6.4397e+05
THF;2.8875e+05;1.632e+05;1.5279e+05
Theta;4.877e+06;5.897e+06;7.3289e+06;4.723e+06
Basse;1.5481e+06;1.8295e+06;2.3595e+06;1.5114e+06
Haute;5.6219e+05;7.9232e+05;9.0787e+05;6.3752e+05
THF;2.8983e+05;1.5741e+05;1.4769e+05
Theta;3.5873e+06;5.714e+06;6.4419e+06;4.8554e+06
Basse;1.2223e+06;1.7587e+06;2.1634e+06;1.588e+06
Haute;4.9133e+05;7.5928e+05;8.71e+05;6.6685e+05
THF;2.7115e+05;1.5108e+05;1.4101e+05
Theta;3.1387e+06;5.6873e+06;6.5976e+06;5.2162e+06
Basse;9.9164e+05;1.6851e+06;2.0252e+06;1.6247e+06
Haute;4.5635e+05;7.44e+05;8.8806e+05;6.9343e+05
THF;2.6367e+05;1.5331e+05;1.4078e+05
Theta;2.8301e+06;5.5267e+06;6.2974e+06;5.1231e+06
Basse;1.0351e+06;1.7167e+06;2.0625e+06;1.6463e+06
Haute;4.3467e+05;7.2509e+05;8.7597e+05;6.8886e+05
THF;2.6426e+05;1.585e+05;1.4473e+05
Theta;2.7568e+06;5.5162e+06;6.3054e+06;5.158e+06
Basse;9.2293e+05;1.6889e+06;1.99e+06;1.6517e+06
Haute;4.4708e+05;7.3208e+05;8.8183e+05;6.8486e+05
THF;2.6307e+05;1.576e+05;1.4288e+05
Theta;2.5674e+06;5.4896e+06;6.1634e+06;5.2162e+06
Basse;9.2482e+05;1.7007e+06;1.9991e+06;1.6454e+06
Haute;4.0871e+05;7.2026e+05;8.6473e+05;6.9031e+05
THF;2.5754e+05;1.5838e+05;1.3866e+05
Theta;2.6147e+06;5.4976e+06;6.1569e+06;5.156e+06
Basse;9.2402e+05;1.6916e+06;2.0076e+06;1.6352e+06
Haute;4.0861e+05;7.1641e+05;8.6457e+05;6.8133e+05
THF;2.5805e+05;1.5804e+05;1.3588e+05
Theta;2.583e+06;5.4776e+06;6.1346e+06;5.1704e+06
Basse;9.2049e+05;1.6904e+06;1.998e+06;1.6311e+06
Haute;4.0121e+05;7.1577e+05;8.6372e+05;6.8149e+05
THF;2.5802e+05;1.5775e+05;1.3494e+05
Theta;2.6089e+06;5.4933e+06;6.176e+06;5.1662e+06
Basse;9.2231e+05;1.6934e+06;2.031e+06;1.6289e+06
Haute;4.0702e+05;7.2066e+05;8.7014e+05;6.8353e+05
THF;2.5807e+05;1.568e+05;1.3011e+05
Theta;2.712e+06;5.4391e+06;6.3367e+06;5.1649e+06
Basse;8.9447e+05;1.6815e+06;1.9659e+06;1.5986e+06
Haute;4.0705e+05;7.2645e+05;8.7931e+05;6.9043e+05
THF;2.5179e+05;1.6009e+05;1.3065e+05
Theta;2.8332e+06;5.4234e+06;6.4144e+06;5.2481e+06
Basse;9.1472e+05;1.6636e+06;1.957e+06;1.6121e+06
Haute;3.8448e+05;7.2051e+05;8.3335e+05;6.7482e+05
THF;2.5269e+05;1.562e+05;1.3155e+05
Theta;2.8659e+06;5.386e+06;6.3477e+06;5.2192e+06
Basse;9.0806e+05;1.6762e+06;1.9548e+06;1.6045e+06
Haute;3.9348e+05;7.2507e+05;8.5699e+05;6.8016e+05
THF;2.4952e+05;1.5297e+05;1.3558e+05
Theta;2.9437e+06;5.3985e+06;6.4161e+06;5.2273e+06
Basse;9.6492e+05;1.6974e+06;1.995e+06;1.5991e+06
Haute;3.9809e+05;7.2548e+05;8.5564e+05;6.8013e+05
THF;2.5075e+05;1.5099e+05;1.3532e+05
Theta;3.0027e+06;5.4013e+06;6.5069e+06;5.2393e+06
Basse;9.4144e+05;1.7002e+06;1.9741e+06;1.5914e+06
Haute;3.9967e+05;7.2846e+05;8.5806e+05;6.8096e+05
THF;2.5126e+05;1.5114e+05;1.3854e+05
Theta;3.0593e+06;5.4047e+06;6.5958e+06;5.2405e+06
Basse;9.4545e+05;1.688e+06;1.9598e+06;1.582e+06
Haute;3.9801e+05;7.3105e+05;8.5239e+05;6.8043e+05
THF;2.504e+05;1.5166e+05;1.3666e+05
Theta;3.0617e+06;5.4108e+06;6.6493e+06;5.2648e+06
Basse;9.456e+05;1.6862e+06;1.9687e+06;1.5872e+06
Haute;3.9855e+05;7.3445e+05;8.556e+05;6.8238e+05
THF;2.5186e+05;1.5126e+05;1.3791e+05
Theta;3.0882e+06;5.421e+06;6.6363e+06;5.2418e+06
Basse;9.3704e+05;1.6814e+06;1.9708e+06;1.5898e+06
Haute;4.0039e+05;7.3687e+05;8.5268e+05;6.8473e+05
THF;2.5498e+05;1.5137e+05;1.3933e+05
Theta;3.0984e+06;5.3938e+06;6.6713e+06;5.2235e+06
Basse;9.5689e+05;1.6795e+06;1.9688e+06;1.5837e+06
Haute;4.0115e+05;7.3732e+05;8.5507e+05;6.8358e+05
THF;2.5461e+05;1.518e+05;1.3919e+05
Theta;3.0803e+06;5.406e+06;6.5869e+06;5.2128e+06
Basse;9.5879e+05;1.7029e+06;1.9914e+06;1.5966e+06
Haute;3.96e+05;7.2763e+05;8.5032e+05;6.7825e+05
THF;2.5682e+05;1.5767e+05;1.3506e+05
Theta;3.1418e+06;5.4653e+06;6.6428e+06;5.2343e+06
Basse;9.8541e+05;1.7314e+06;2.0422e+06;1.6455e+06
Haute;4.2594e+05;7.3776e+05;8.8765e+05;7.0352e+05
THF;2.6578e+05;1.5665e+05;1.3065e+05
Theta;3.3051e+06;5.5213e+06;6.7002e+06;5.2273e+06
Basse;1.0313e+06;1.7379e+06;2.1492e+06;1.6733e+06
Haute;4.1118e+05;7.3568e+05;8.696e+05;7.0135e+05
THF;2.5815e+05;1.5999e+05;1.3204e+05
Theta;3.2599e+06;5.4901e+06;6.6557e+06;5.2168e+06
Basse;1.0161e+06;1.7278e+06;2.1334e+06;1.6625e+06
Haute;4.1822e+05;7.3344e+05;8.7034e+05;7.0389e+05
THF;2.5892e+05;1.5824e+05;1.3102e+05
Theta;3.2954e+06;5.4976e+06;6.6288e+06;5.219e+06
Basse;1.0405e+06;1.7381e+06;2.159e+06;1.6618e+06
Haute;4.2006e+05;7.3274e+05;8.7715e+05;7.0476e+05
THF;2.5784e+05;1.5827e+05;1.3003e+05
Theta;3.28e+06;5.5029e+06;6.6067e+06;5.1994e+06
Basse;1.0284e+06;1.7343e+06;2.1478e+06;1.6655e+06
Haute;4.1934e+05;7.303e+05;8.7759e+05;7.0445e+05
THF;2.5809e+05;1.5869e+05;1.2851e+05
Theta;3.2596e+06;5.4915e+06;6.5708e+06;5.1938e+06
Basse;1.0185e+06;1.7363e+06;2.1353e+06;1.6574e+06
Haute;4.1831e+05;7.2923e+05;8.7802e+05;7.0306e+05
THF;2.5794e+05;1.5896e+05;1.2894e+05
Theta;3.2602e+06;5.4843e+06;6.6098e+06;5.1563e+06
Basse;1.0124e+06;1.7387e+06;2.1251e+06;1.6629e+06
Haute;4.2106e+05;7.3051e+05;8.785e+05;7.0226e+05
THF;2.5635e+05;1.5851e+05;1.3065e+05
Theta;3.2302e+06;5.4774e+06;6.5801e+06;5.2196e+06
Basse;1.0237e+06;1.7427e+06;2.1442e+06;1.6781e+06
Haute;4.262e+05;7.3082e+05;8.8058e+05;7.0024e+05
THF;2.5487e+05;1.573e+05;1.2691e+05
Theta;3.1931e+06;5.5036e+06;6.5986e+06;5.2e+06
Basse;1.0161e+06;1.7295e+06;2.1281e+06;1.674e+06
Haute;4.3171e+05;7.3268e+05;8.8441e+05;7.0156e+05
THF;2.5611e+05;1.5923e+05;1.3274e+05
Theta;3.1167e+06;5.4225e+06;6.3061e+06;5.3276e+06
Basse;9.8749e+05;1.7181e+06;2.0046e+06;1.634e+06
Haute;4.2354e+05;7.2385e+05;8.3819e+05;6.9828e+05
THF;2.4827e+05;1.5395e+05;1.3731e+05
Theta;2.7968e+06;5.3857e+06;5.9313e+06;5.5047e+06
Basse;9.6047e+05;1.7137e+06;1.8426e+06;1.6142e+06
Haute;3.8954e+05;7.2198e+05;7.8861e+05;7.0033e+05
THF;2.4756e+05;1.5713e+05;1.2286e+05
Theta;5.0591e+06;5.7608e+06;7.0444e+06;5.5527e+06
Basse;1.0548e+06;1.7665e+06;1.866e+06;1.6146e+06
Haute;4.7594e+05;7.636e+05;7.8161e+05;6.9137e+05
THF;2.6684e+05;1.834e+05;1.5677e+05
Theta;7.9337e+06;6.2791e+06;7.6506e+06;5.9369e+06
Basse;1.2392e+06;1.8535e+06;2.0146e+06;1.767e+06
Haute;1.3225e+06;8.5681e+05;8.1777e+05;7.0085e+05
THF;3.1915e+05;1.8744e+05;1.6188e+05
Theta;2.1809e+07;4.0337e+07;2.1246e+07;6.8374e+06
Basse;2.2029e+06;3.4197e+07;8.4451e+06;1.8759e+06
Haute;2.7347e+06;1.2843e+07;3.3647e+06;7.1075e+05
THF;1.9709e+06;2.6202e+06;1.4938e+06
Theta;1.6728e+07;4.5041e+07;1.796e+07;7.3457e+06
Basse;3.2765e+06;3.0796e+07;7.5587e+06;2.0346e+06
Haute;3.5041e+06;1.3201e+07;2.896e+06;7.3267e+05
THF;2.1294e+06;2.7459e+06;1.3913e+06
Theta;1.9384e+07;4.3221e+07;2.0234e+07;6.7203e+06
Basse;3.088e+06;3.1757e+07;7.4202e+06;2.0076e+06
Haute;3.3232e+06;1.2889e+07;2.9385e+06;7.5982e+05
THF;2.0579e+06;2.7292e+06;1.3977e+06
Theta;1.8616e+07;4.3213e+07;1.9536e+07;7.4387e+06
Basse;2.8448e+06;3.1911e+07;7.2937e+06;2.0725e+06
Haute;3.5415e+06;1.2967e+07;2.9107e+06;7.5908e+05
THF;2.0943e+06;2.7259e+06;1.3927e+06
Theta;1.8658e+07;4.3424e+07;1.9116e+07;6.7462e+06
Basse;2.8515e+06;3.1915e+07;7.3871e+06;2.0716e+06
Haute;3.5991e+06;1.294e+07;2.9017e+06;7.4016e+05
THF;2.0944e+06;2.7303e+06;1.3845e+06
Theta;2.0135e+07;4.3597e+07;2.0809e+07;7.3838e+06
Basse;3.0449e+06;3.1803e+07;7.8092e+06;2.0971e+06
Haute;3.7027e+06;1.3024e+07;3.1021e+06;7.9217e+05
THF;2.1312e+06;2.7444e+06;1.4186e+06
Theta;2.6777e+07;4.3451e+07;2.3998e+07;8.1981e+06
Basse;4.1768e+06;3.1911e+07;8.3369e+06;2.3029e+06
Haute;4.0457e+06;1.3254e+07;3.2746e+06;8.4995e+05
THF;2.2049e+06;2.7267e+06;1.4819e+06
Theta;1.5447e+07;4.1274e+07;2.0718e+07;7.8863e+06
Basse;2.6833e+06;3.0679e+07;7.8198e+06;2.2321e+06
Haute;4.0405e+06;1.3657e+07;3.2167e+06;8.4764e+05
THF;2.3872e+06;2.732e+06;1.4887e+06
Theta;1.9038e+07;4.2336e+07;2.2117e+07;8.1469e+06
Basse;1.4406e+07;2.7008e+07;8.4043e+06;2.2526e+06
Haute;1.2482e+07;1.6518e+07;2.8991e+06;8.7597e+05
THF;2.8929e+06;3.1814e+06;1.5273e+06
Theta;1.4156e+07;7.6397e+06;1.0928e+07;7.4568e+06
Basse;1.2364e+07;4.8606e+06;5.6691e+06;2.3807e+06
Haute;1.2981e+07;1.8632e+06;3.0575e+06;1.0716e+06
THF;1.868e+06;7.2209e+05;5.794e+05
Theta;1.4148e+07;7.981e+06;1.0775e+07;6.5171e+06
Basse;1.2469e+07;4.1064e+06;6.4484e+06;2.3173e+06
Haute;1.1727e+07;2.0342e+06;2.6937e+06;1.0332e+06
THF;1.8311e+06;6.859e+05;6.2595e+05
Theta;1.5268e+07;7.8728e+06;1.0061e+07;6.8517e+06
Basse;1.3454e+07;4.0312e+06;6.6723e+06;2.3223e+06
Haute;1.1413e+07;2.1394e+06;2.6171e+06;9.9707e+05
THF;1.7912e+06;7.0982e+05;6.436e+05
Theta;1.6124e+07;8.012e+06;1.0297e+07;6.4748e+06
Basse;1.3767e+07;4.2531e+06;6.601e+06;2.2396e+06
Haute;1.2494e+07;2.3678e+06;2.6193e+06;1.0035e+06
THF;1.878e+06;6.8486e+05;6.2481e+05
Theta;1.6278e+07;8.2189e+06;1.3789e+07;7.5148e+06
Basse;1.3738e+07;4.7036e+06;6.3292e+06;2.1632e+06
Haute;1.2319e+07;2.1662e+06;2.9894e+06;1.1185e+06
THF;1.9477e+06;7.3525e+05;6.0224e+05
Theta;3.1787e+07;1.0115e+07;1.1217e+07;7.4012e+06
Basse;4.3068e+07;6.2962e+06;7.3822e+06;2.6012e+06
Haute;2.115e+07;2.6586e+06;2.553e+06;9.4898e+05
THF;2.3935e+06;1.0235e+06;6.817e+05
Theta;3.3462e+07;1.4724e+07;1.2837e+07;6.9032e+06
Basse;4.3258e+07;7.4733e+06;8.319e+06;2.7873e+06
Haute;2.4337e+07;3.131e+06;2.8023e+06;9.516e+05
THF;2.6757e+06;1.2768e+06;7.8632e+05
Theta;3.4258e+07;1.2065e+07;1.3074e+07;7.6965e+06
Basse;4.5073e+07;7.9834e+06;1.128e+07;3.2791e+06
Haute;2.4524e+07;2.9002e+06;2.4119e+06;1.0838e+06
THF;2.4273e+06;1.1239e+06;1.1334e+06
Theta;3.3387e+07;1.3501e+07;1.1362e+07;9.0543e+06
Basse;4.5115e+07;7.0581e+06;6.4666e+06;2.7158e+06
Haute;1.548e+07;2.9724e+06;2.381e+06;9.2012e+05
THF;1.2822e+06;6.8753e+05;8.5303e+05
Theta;2.5023e+07;1.236e+07;9.8348e+06;6.1469e+06
Basse;3.3709e+07;5.2062e+06;3.2344e+06;2.2721e+06
Haute;1.1212e+07;1.8879e+06;8.6295e+05;7.3978e+05
THF;9.5045e+05;5.1958e+05;6.8403e+05
Theta;2.4435e+07;1.3137e+07;1.0282e+07;6.6516e+06
Basse;3.3819e+07;5.0138e+06;3.338e+06;2.3736e+06
Haute;1.13e+07;1.8703e+06;8.6853e+05;7.1495e+05
THF;9.4304e+05;5.2125e+05;6.9252e+05
Theta;2.5277e+07;1.2678e+07;9.3272e+06;6.3485e+06
Basse;3.457e+07;4.7078e+06;3.5147e+06;2.4162e+06
Haute;1.2011e+07;1.8215e+06;8.8036e+05;7.0189e+05
THF;9.6231e+05;5.5064e+05;7.1088e+05
Theta;2.1334e+07;1.2285e+07;9.7996e+06;6.5071e+06
Basse;3.5678e+07;3.813e+06;3.7155e+06;2.5321e+06
Haute;1.034e+07;1.891e+06;8.7882e+05;7.0227e+05
THF;9.2319e+05;5.2381e+05;7.3701e+05
Theta;2.659e+07;1.3497e+07;8.2325e+06;6.0629e+06
Basse;2.8189e+07;3.263e+06;4.2652e+06;2.5766e+06
Haute;1.0324e+07;2.1441e+06;9.7729e+05;6.8649e+05
THF;8.6648e+05;6.0577e+05;5.8869e+05
Theta;7.3761e+06;9.5082e+06;7.8881e+06;5.6117e+06
Basse;4.6693e+06;2.5606e+06;2.5325e+06;2.0836e+06
Haute;1.973e+06;1.2064e+06;9.1034e+05;7.5107e+05
THF;3.867e+05;1.9783e+05;1.7354e+05
Theta;5.7611e+06;7.0035e+06;7.9787e+06;6.786e+06
Basse;1.2435e+06;1.8347e+06;2.0941e+06;1.8851e+06
Haute;9.4153e+05;8.6379e+05;9.7785e+05;7.7722e+05
THF;3.0249e+05;1.9675e+05;1.3355e+05
Theta;5.7488e+06;7.5164e+06;7.0846e+06;7.7596e+06
Basse;1.3967e+06;2.1814e+06;2.3231e+06;2.171e+06
Haute;7.7938e+05;9.6439e+05;9.9336e+05;9.0154e+05
THF;3.2616e+05;1.9701e+05;1.3985e+05
Theta;5.3553e+06;7.863e+06;6.89e+06;6.215e+06
Basse;1.3139e+06;1.8645e+06;2.0926e+06;2.4221e+06
Haute;6.2638e+05;9.2268e+05;9.0813e+05;8.5332e+05
THF;3.1846e+05;1.9829e+05;1.5068e+05
Theta;3.1121e+06;5.8132e+06;6.8682e+06;6.1613e+06
Basse;1.1192e+06;1.8629e+06;2.1407e+06;1.8636e+06
Haute;4.9506e+05;7.9141e+05;8.8869e+05;7.7031e+05
THF;2.7763e+05;1.7198e+05;1.4245e+05
Theta;3.2304e+06;5.7405e+06;6.6643e+06;5.7769e+06
Basse;1.1321e+06;1.8085e+06;2.0993e+06;1.8084e+06
Haute;4.8322e+05;7.7688e+05;8.9043e+05;7.6488e+05
THF;2.7753e+05;1.7143e+05;1.4335e+05
Theta;3.1516e+06;5.668e+06;6.7443e+06;5.918e+06
Basse;1.1361e+06;1.7941e+06;2.0835e+06;1.779e+06
Haute;4.5602e+05;7.7032e+05;8.8778e+05;7.6204e+05
THF;2.726e+05;1.6979e+05;1.4391e+05
Theta;3.0892e+06;5.6378e+06;6.722e+06;5.8147e+06
Basse;1.1025e+06;1.7906e+06;2.0938e+06;1.7737e+06
Haute;4.3601e+05;7.5076e+05;8.8842e+05;7.6194e+05
THF;2.7278e+05;1.7212e+05;1.4574e+05
Theta;3.1742e+06;5.8073e+06;6.6943e+06;5.8868e+06
Basse;1.0293e+06;1.7575e+06;2.0957e+06;1.7836e+06
Haute;4.3626e+05;7.5385e+05;8.8604e+05;7.7489e+05
THF;2.733e+05;1.7433e+05;1.4302e+05
Theta;3.23e+06;5.7322e+06;6.6675e+06;5.6485e+06
Basse;1.0239e+06;1.7693e+06;2.0988e+06;1.7564e+06
Haute;4.1316e+05;7.4047e+05;8.9114e+05;7.4693e+05
THF;2.7114e+05;1.6837e+05;1.406e+05
Theta;3.1624e+06;5.6789e+06;6.675e+06;5.5767e+06
Basse;9.6894e+05;1.7241e+06;2.0913e+06;1.7287e+06
Haute;3.9768e+05;7.3741e+05;8.8605e+05;7.2477e+05
THF;2.706e+05;1.6594e+05;1.3905e+05
Theta;3.1885e+06;5.7211e+06;6.6762e+06;5.585e+06
Basse;9.6766e+05;1.7198e+06;2.097e+06;1.7363e+06
Haute;4.0046e+05;7.367e+05;8.8501e+05;7.2242e+05
THF;2.6942e+05;1.6813e+05;1.3982e+05
Theta;3.1812e+06;5.7095e+06;6.7044e+06;5.5566e+06
Basse;9.7004e+05;1.7217e+06;2.1006e+06;1.7369e+06
Haute;4.0122e+05;7.3619e+05;8.8225e+05;7.2049e+05
THF;2.6924e+05;1.6781e+05;1.3781e+05
Theta;3.1696e+06;5.7272e+06;6.7037e+06;5.6003e+06
Basse;9.8317e+05;1.7308e+06;2.1015e+06;1.7325e+06
Haute;4.023e+05;7.4081e+05;8.8162e+05;7.2151e+05
THF;2.6962e+05;1.6787e+05;1.3873e+05
Theta;3.2034e+06;5.766e+06;6.7508e+06;5.6453e+06
Basse;9.5925e+05;1.663e+06;2.0889e+06;1.7738e+06
Haute;4.1999e+05;7.5944e+05;8.804e+05;7.2516e+05
THF;2.7456e+05;1.7062e+05;1.3826e+05
Theta;3.0703e+06;5.4454e+06;6.749e+06;5.8503e+06
Basse;1.038e+06;1.7679e+06;2.1092e+06;1.7405e+06
Haute;4.1623e+05;7.5175e+05;8.723e+05;7.2496e+05
THF;2.706e+05;1.7123e+05;1.3092e+05
Theta;2.8944e+06;5.2059e+06;6.5713e+06;5.8665e+06
Basse;1.0601e+06;1.7946e+06;2.062e+06;1.7903e+06
Haute;4.4501e+05;7.7701e+05;8.6824e+05;7.345e+05
THF;2.7783e+05;1.7391e+05;1.3819e+05
Theta;2.9403e+06;5.3164e+06;6.5314e+06;5.9536e+06
Basse;1.0505e+06;1.7826e+06;2.0884e+06;1.7479e+06
Haute;4.5179e+05;7.8695e+05;8.6483e+05;7.3937e+05
THF;2.733e+05;1.6537e+05;1.3398e+05
Theta;2.8277e+06;5.1039e+06;6.4941e+06;5.7287e+06
Basse;1.043e+06;1.7943e+06;2.073e+06;1.7328e+06
Haute;4.3669e+05;7.4894e+05;8.5095e+05;7.3674e+05
THF;2.6833e+05;1.6933e+05;1.319e+05
Theta;2.884e+06;5.1114e+06;6.4753e+06;5.5205e+06
Basse;1.0907e+06;1.8339e+06;2.0866e+06;1.6949e+06
Haute;4.6057e+05;7.6198e+05;8.4948e+05;7.2942e+05
THF;2.6688e+05;1.6644e+05;1.3152e+05
Theta;2.8754e+06;5.0805e+06;6.4864e+06;5.6118e+06
Basse;1.1005e+06;1.8513e+06;2.0835e+06;1.6837e+06
Haute;4.568e+05;7.6259e+05;8.5112e+05;7.3152e+05
THF;2.6778e+05;1.6415e+05;1.3095e+05
Theta;2.8804e+06;5.0808e+06;6.4902e+06;5.5623e+06
Basse;1.1025e+06;1.8509e+06;2.0832e+06;1.6817e+06
Haute;4.5644e+05;7.6034e+05;8.5158e+05;7.2928e+05
THF;2.6728e+05;1.6376e+05;1.2998e+05
Theta;2.9013e+06;5.1229e+06;6.4806e+06;5.5867e+06
Basse;1.093e+06;1.8388e+06;2.0795e+06;1.6898e+06
Haute;4.6057e+05;7.6147e+05;8.5389e+05;7.2854e+05
THF;2.6728e+05;1.6348e+05;1.3131e+05
Theta;2.9086e+06;5.1634e+06;6.4559e+06;5.4417e+06
Basse;1.1263e+06;1.9196e+06;2.089e+06;1.6687e+06
Haute;4.6102e+05;7.5897e+05;8.5456e+05;7.2933e+05
THF;2.6809e+05;1.6401e+05;1.304e+05
Theta;3.174e+06;5.6869e+06;6.495e+06;5.3829e+06
Basse;1.0224e+06;1.7944e+06;2.0771e+06;1.6773e+06
Haute;4.2981e+05;7.2222e+05;8.6064e+05;7.2289e+05
THF;2.6741e+05;1.6127e+05;1.342e+05
Theta;3.2471e+06;5.7106e+06;6.6194e+06;5.2514e+06
Basse;1.0709e+06;1.8625e+06;2.1216e+06;1.6266e+06
Haute;4.2768e+05;7.2275e+05;8.6856e+05;7.13e+05
THF;2.6063e+05;1.6258e+05;1.3729e+05
Theta;3.097e+06;5.4425e+06;6.6578e+06;5.3201e+06
Basse;1.033e+06;1.7963e+06;2.0868e+06;1.6389e+06
Haute;4.1854e+05;7.1111e+05;8.6849e+05;7.1507e+05
THF;2.6088e+05;1.5674e+05;1.3394e+05
Theta;3.2066e+06;5.6236e+06;6.6671e+06;5.3165e+06
Basse;1.0477e+06;1.7945e+06;2.1166e+06;1.646e+06
Haute;4.3767e+05;7.4903e+05;8.8315e+05;7.0471e+05
THF;2.6626e+05;1.6074e+05;1.3312e+05
Theta;3.164e+06;5.5847e+06;6.618e+06;5.3544e+06
Basse;1.0141e+06;1.7717e+06;2.0816e+06;1.6556e+06
Haute;4.2485e+05;7.3648e+05;8.7405e+05;7.0611e+05
THF;2.6502e+05;1.6225e+05;1.3111e+05
Theta;3.183e+06;5.6486e+06;6.6103e+06;5.3458e+06
Basse;1.0063e+06;1.7439e+06;2.0848e+06;1.664e+06
Haute;4.2567e+05;7.3493e+05;8.7672e+05;7.0455e+05
THF;2.6454e+05;1.6198e+05;1.307e+05
Theta;3.1872e+06;5.6707e+06;6.5992e+06;5.3294e+06
Basse;1.0053e+06;1.743e+06;2.0827e+06;1.667e+06
Haute;4.2681e+05;7.3683e+05;8.7552e+05;7.039e+05
THF;2.6478e+05;1.6231e+05;1.3197e+05
Theta;3.1532e+06;5.6091e+06;6.6145e+06;5.3836e+06
Basse;1.0106e+06;1.7458e+06;2.0843e+06;1.6598e+06
Haute;4.2125e+05;7.3356e+05;8.7192e+05;7.0591e+05
THF;2.6505e+05;1.6205e+05;1.3216e+05
Theta;3.1535e+06;5.6098e+06;6.5825e+06;5.3676e+06
Basse;1.0115e+06;1.7504e+06;2.0788e+06;1.6577e+06
Haute;4.1943e+05;7.3508e+05;8.7285e+05;7.0695e+05
THF;2.6407e+05;1.6176e+05;1.3179e+05
Theta;3.1876e+06;5.6935e+06;6.5845e+06;5.3642e+06
Basse;1.0124e+06;1.738e+06;2.082e+06;1.6589e+06
Haute;4.1833e+05;7.3688e+05;8.7006e+05;7.0661e+05
THF;2.6365e+05;1.612e+05;1.3239e+05
Theta;3.2019e+06;5.7445e+06;6.5812e+06;5.3282e+06
Basse;1.0159e+06;1.746e+06;2.0667e+06;1.6471e+06
Haute;4.1814e+05;7.3666e+05;8.6737e+05;7.0572e+05
THF;2.6443e+05;1.6201e+05;1.3315e+05
Theta;3.159e+06;5.657e+06;6.6223e+06;5.428e+06
Basse;1.015e+06;1.7495e+06;2.0558e+06;1.6454e+06
Haute;4.1606e+05;7.3288e+05;8.7758e+05;7.1294e+05
THF;2.6466e+05;1.6178e+05;1.357e+05
Theta;3.1736e+06;5.6883e+06;6.5117e+06;5.3388e+06
Basse;9.9773e+05;1.737e+06;2.0473e+06;1.6487e+06
Haute;4.2224e+05;7.4356e+05;8.6378e+05;7.0355e+05
THF;2.6312e+05;1.5986e+05;1.3648e+05
Theta;3.2187e+06;5.7675e+06;6.4649e+06;5.2247e+06
Basse;9.8519e+05;1.7237e+06;2.0638e+06;1.6546e+06
Haute;4.2222e+05;7.5521e+05;8.7131e+05;6.8713e+05
THF;2.6131e+05;1.6025e+05;1.3425e+05
Theta;3.1944e+06;5.7421e+06;6.5446e+06;5.2853e+06
Basse;9.8634e+05;1.7417e+06;2.0612e+06;1.6388e+06
Haute;4.2319e+05;7.5443e+05;8.6817e+05;6.9214e+05
THF;2.6185e+05;1.6276e+05;1.354e+05
Theta;3.1901e+06;5.7254e+06;6.5109e+06;5.2365e+06
Basse;9.8966e+05;1.7471e+06;2.0585e+06;1.6265e+06
Haute;4.2489e+05;7.5606e+05;8.6914e+05;6.9206e+05
THF;2.6175e+05;1.6218e+05;1.3612e+05
Theta;3.1815e+06;5.7162e+06;6.5175e+06;5.2868e+06
Basse;9.8915e+05;1.7507e+06;2.0595e+06;1.6232e+06
Haute;4.2671e+05;7.5855e+05;8.6892e+05;6.8885e+05
THF;2.6217e+05;1.627e+05;1.3567e+05
Theta;3.1652e+06;5.6224e+06;6.5409e+06;5.2997e+06
Basse;9.8104e+05;1.7289e+06;2.0684e+06;1.6338e+06
Haute;4.2668e+05;7.5984e+05;8.6826e+05;6.8869e+05
THF;2.6282e+05;1.6322e+05;1.362e+05
Theta;3.1338e+06;5.5916e+06;6.4957e+06;5.321e+06
Basse;9.8389e+05;1.7316e+06;2.0732e+06;1.6266e+06
Haute;4.2517e+05;7.5966e+05;8.6826e+05;6.9066e+05
THF;2.6247e+05;1.6319e+05;1.3722e+05
Theta;3.131e+06;5.5646e+06;6.5243e+06;5.3544e+06
Basse;9.8285e+05;1.7337e+06;2.0762e+06;1.6351e+06
Haute;4.2918e+05;7.6239e+05;8.7137e+05;6.9165e+05
THF;2.6214e+05;1.6377e+05;1.3479e+05
Theta;3.2583e+06;5.8077e+06;6.4825e+06;5.2221e+06
Basse;1.0204e+06;1.8104e+06;2.1095e+06;1.6245e+06
Haute;4.1992e+05;7.4856e+05;8.7057e+05;6.9903e+05
THF;2.6406e+05;1.6547e+05;1.3535e+05
Theta;3.3577e+06;5.9473e+06;6.6743e+06;5.2123e+06
Basse;1.096e+06;1.9116e+06;2.1409e+06;1.6035e+06
Haute;4.0824e+05;7.2726e+05;8.4822e+05;6.9341e+05
THF;2.6186e+05;1.6247e+05;1.3976e+05
Theta;3.2428e+06;5.7837e+06;6.8528e+06;5.397e+06
Basse;1.1049e+06;1.9429e+06;2.2164e+06;1.6186e+06
Haute;4.0036e+05;7.1685e+05;8.8089e+05;7.1424e+05
THF;2.705e+05;1.6429e+05;1.4167e+05
